[
 {
  "id": "document",
  "version": "1.0",
  "name": "SUMOTrafficSimulationOutput",
  "clock": {
   "interval": "2023-09-06T15:50:54Z/2023-09-06T17:07:17Z",
   "currentTime": "2023-09-06T17:07:18Z",
   "multiplier": 1
  }
 },
 {
  "id": "bike0",
  "name": "bike0",
  "description": "1",
  "model": {
   "gltf": "./3Dmodels/bicycles/4.glb"
  },
  "position": {
   "epoch": "2023-09-06T15:50:54Z",
   "cartographicDegrees": [
    0.0,
    4.350672,
    50.842963,
    0,
    1.0,
    4.350682,
    50.842958,
    0,
    2.0,
    4.3507,
    50.842948,
    0,
    3.0,
    4.350728,
    50.842933,
    0,
    4.0,
    4.350768,
    50.842911,
    0,
    5.0,
    4.350819,
    50.842883,
    0,
    6.0,
    4.350876,
    50.842852,
    0,
    7.0,
    4.350934,
    50.842821,
    0,
    8.0,
    4.35099,
    50.842791,
    0,
    9.0,
    4.35102,
    50.842753,
    0,
    10.0,
    4.351063,
    50.842716,
    0,
    11.0,
    4.35112,
    50.842685,
    0,
    12.0,
    4.351175,
    50.842656,
    0,
    13.0,
    4.351233,
    50.842626,
    0,
    14.0,
    4.351287,
    50.842596,
    0,
    15.0,
    4.351342,
    50.842567,
    0,
    16.0,
    4.351375,
    50.84255,
    0,
    17.0,
    4.351382,
    50.842546,
    0,
    18.0,
    4.351383,
    50.842545,
    0,
    19.0,
    4.351383,
    50.842545,
    0,
    20.0,
    4.351383,
    50.842545,
    0,
    21.0,
    4.351383,
    50.842545,
    0,
    22.0,
    4.351383,
    50.842545,
    0,
    23.0,
    4.351383,
    50.842545,
    0,
    24.0,
    4.351383,
    50.842545,
    0,
    25.0,
    4.351383,
    50.842545,
    0,
    26.0,
    4.351383,
    50.842545,
    0,
    27.0,
    4.351383,
    50.842545,
    0,
    28.0,
    4.351383,
    50.842545,
    0,
    29.0,
    4.351383,
    50.842545,
    0,
    30.0,
    4.351383,
    50.842545,
    0,
    31.0,
    4.351383,
    50.842545,
    0,
    32.0,
    4.351383,
    50.842545,
    0,
    33.0,
    4.351383,
    50.842545,
    0,
    34.0,
    4.351383,
    50.842545,
    0,
    35.0,
    4.351383,
    50.842545,
    0,
    36.0,
    4.351383,
    50.842545,
    0,
    37.0,
    4.351383,
    50.842545,
    0,
    38.0,
    4.351383,
    50.842545,
    0,
    39.0,
    4.351383,
    50.842545,
    0,
    40.0,
    4.351383,
    50.842545,
    0,
    41.0,
    4.351383,
    50.842545,
    0,
    42.0,
    4.351383,
    50.842545,
    0,
    43.0,
    4.351383,
    50.842545,
    0,
    44.0,
    4.351383,
    50.842545,
    0,
    45.0,
    4.351383,
    50.842545,
    0,
    46.0,
    4.351383,
    50.842545,
    0,
    47.0,
    4.351383,
    50.842545,
    0,
    48.0,
    4.351383,
    50.842545,
    0,
    49.0,
    4.351383,
    50.842545,
    0,
    50.0,
    4.351383,
    50.842545,
    0,
    51.0,
    4.351383,
    50.842545,
    0,
    52.0,
    4.351395,
    50.842539,
    0,
    53.0,
    4.351422,
    50.84253,
    0,
    54.0,
    4.351459,
    50.842518,
    0,
    55.0,
    4.351509,
    50.842501,
    0,
    56.0,
    4.351568,
    50.842481,
    0,
    57.0,
    4.351628,
    50.84246,
    0,
    58.0,
    4.35156,
    50.842442,
    0,
    59.0,
    4.351489,
    50.842424,
    0,
    60.0,
    4.35142,
    50.842406,
    0,
    61.0,
    4.351351,
    50.842388,
    0,
    62.0,
    4.351278,
    50.842369,
    0,
    63.0,
    4.35121,
    50.842352,
    0,
    64.0,
    4.351144,
    50.842335,
    0,
    65.0,
    4.351077,
    50.842317,
    0,
    66.0,
    4.351011,
    50.8423,
    0,
    67.0,
    4.350943,
    50.842282,
    0,
    68.0,
    4.350872,
    50.842264,
    0,
    69.0,
    4.350796,
    50.842277,
    0,
    70.0,
    4.350743,
    50.842313,
    0,
    71.0,
    4.350687,
    50.842341,
    0,
    72.0,
    4.35063,
    50.842367,
    0,
    73.0,
    4.350571,
    50.842393,
    0,
    74.0,
    4.350514,
    50.842419,
    0,
    75.0,
    4.350451,
    50.842448,
    0,
    76.0,
    4.350391,
    50.842475,
    0,
    77.0,
    4.35033,
    50.842503,
    0,
    78.0,
    4.350269,
    50.84253,
    0,
    79.0,
    4.35021,
    50.842557,
    0,
    80.0,
    4.35015,
    50.842584,
    0,
    81.0,
    4.350092,
    50.842611,
    0,
    82.0,
    4.350029,
    50.842639,
    0,
    83.0,
    4.349966,
    50.842668,
    0,
    84.0,
    4.349907,
    50.842695,
    0,
    85.0,
    4.349844,
    50.842723,
    0,
    86.0,
    4.349785,
    50.84275,
    0,
    87.0,
    4.349726,
    50.842776,
    0,
    88.0,
    4.349663,
    50.842803,
    0,
    89.0,
    4.349598,
    50.842831,
    0,
    90.0,
    4.349535,
    50.842851,
    0,
    91.0,
    4.349465,
    50.842874,
    0,
    92.0,
    4.349399,
    50.842896,
    0,
    93.0,
    4.349335,
    50.842917,
    0,
    94.0,
    4.349271,
    50.842938,
    0,
    95.0,
    4.349206,
    50.842959,
    0,
    96.0,
    4.349141,
    50.842981,
    0,
    97.0,
    4.349075,
    50.843002,
    0,
    98.0,
    4.34901,
    50.843024,
    0,
    99.0,
    4.348941,
    50.843046,
    0,
    100.0,
    4.348878,
    50.843067,
    0,
    101.0,
    4.348814,
    50.843088,
    0,
    102.0,
    4.348746,
    50.84311,
    0,
    103.0,
    4.34868,
    50.843129,
    0,
    104.0,
    4.348613,
    50.843146,
    0,
    105.0,
    4.34854,
    50.843161,
    0,
    106.0,
    4.348468,
    50.843176,
    0,
    107.0,
    4.348396,
    50.843191,
    0,
    108.0,
    4.348325,
    50.843205,
    0,
    109.0,
    4.34825,
    50.84322,
    0,
    110.0,
    4.348175,
    50.843234,
    0,
    111.0,
    4.348107,
    50.843247,
    0,
    112.0,
    4.348036,
    50.843252,
    0,
    113.0,
    4.347959,
    50.843255,
    0,
    114.0,
    4.347891,
    50.843276,
    0,
    115.0,
    4.347815,
    50.843277,
    0,
    116.0,
    4.347738,
    50.843275,
    0,
    117.0,
    4.347662,
    50.843274,
    0,
    118.0,
    4.347585,
    50.843272,
    0,
    119.0,
    4.347513,
    50.843271,
    0,
    120.0,
    4.347441,
    50.843269,
    0,
    121.0,
    4.34737,
    50.843268,
    0,
    122.0,
    4.347303,
    50.843273,
    0,
    123.0,
    4.347236,
    50.843292,
    0,
    124.0,
    4.347173,
    50.843321,
    0,
    125.0,
    4.34711,
    50.843351,
    0,
    126.0,
    4.347049,
    50.843381,
    0,
    127.0,
    4.346988,
    50.84341,
    0,
    128.0,
    4.346931,
    50.843438,
    0,
    129.0,
    4.346872,
    50.843466,
    0,
    130.0,
    4.34682,
    50.843492,
    0,
    131.0,
    4.346747,
    50.84351,
    0,
    132.0,
    4.346678,
    50.84351,
    0,
    133.0,
    4.346623,
    50.843481,
    0,
    134.0,
    4.346574,
    50.843443,
    0,
    135.0,
    4.346529,
    50.843408,
    0,
    136.0,
    4.346484,
    50.843372,
    0,
    137.0,
    4.34644,
    50.843337,
    0,
    138.0,
    4.346394,
    50.843301,
    0,
    139.0,
    4.346347,
    50.843264,
    0,
    140.0,
    4.346299,
    50.843226,
    0,
    141.0,
    4.346251,
    50.843188,
    0,
    142.0,
    4.346202,
    50.84315,
    0,
    143.0,
    4.346155,
    50.843113,
    0,
    144.0,
    4.346107,
    50.843075,
    0,
    145.0,
    4.34606,
    50.843037,
    0,
    146.0,
    4.346013,
    50.842997,
    0,
    147.0,
    4.345991,
    50.842979,
    0,
    148.0,
    4.345955,
    50.842963,
    0,
    149.0,
    4.345869,
    50.842927,
    0,
    150.0,
    4.345811,
    50.842922,
    0,
    151.0,
    4.34576,
    50.842905,
    0,
    152.0,
    4.345665,
    50.842895,
    0,
    153.0,
    4.345626,
    50.842853,
    0,
    154.0,
    4.345642,
    50.842794,
    0,
    155.0,
    4.345595,
    50.842751,
    0,
    156.0,
    4.34562,
    50.842705,
    0,
    157.0,
    4.345696,
    50.842662,
    0,
    158.0,
    4.345769,
    50.842647,
    0,
    159.0,
    4.345845,
    50.842653,
    0,
    160.0,
    4.345922,
    50.842674,
    0,
    161.0,
    4.345991,
    50.842694,
    0,
    162.0,
    4.346059,
    50.842675,
    0,
    163.0,
    4.34612,
    50.842644,
    0,
    164.0,
    4.346178,
    50.842614,
    0
   ]
  },
  "orientation": {
   "epoch": "2023-09-06T15:50:54Z",
   "unitQuaternion": [
    0.0,
    -0.13150387984453787,
    -0.308216858602192,
    -0.4344198770056877,
    -0.8360553020713362,
    1.0,
    -0.1315038690806823,
    -0.3082169078906942,
    -0.4344199432236572,
    -0.8360552511865855,
    2.0,
    -0.13150385293234917,
    -0.3082170041725233,
    -0.43442006106766184,
    -0.8360551569991247,
    3.0,
    -0.13150382602009494,
    -0.30821714974285463,
    -0.43442024512958355,
    -0.8360550119268587,
    4.0,
    -0.13136471565715066,
    -0.30827666204770554,
    -0.43404325495736823,
    -0.8362507183512933,
    5.0,
    -0.1305827481997502,
    -0.3086089581454826,
    -0.4319222554102728,
    -0.8373480889727184,
    6.0,
    -0.13058269401633427,
    -0.30860925783579235,
    -0.43192263036507494,
    -0.8373477935601148,
    7.0,
    -0.13326306479074662,
    -0.3074616079849572,
    -0.4391928540751439,
    -0.833557407805372,
    8.0,
    -0.13511213304186864,
    -0.306653813999207,
    -0.44420494119374526,
    -0.8308971778046171,
    9.0,
    -0.009236155190488687,
    -0.3349727645192018,
    -0.09734703303877741,
    -0.9371400619044133,
    10.0,
    -0.13257955567129295,
    -0.30775789971504436,
    -0.43734041428313464,
    -0.834530465960137,
    11.0,
    -0.1325795034295677,
    -0.307758199750187,
    -0.43734078731488985,
    -0.8345301681231695,
    12.0,
    -0.13257945005298288,
    -0.30775848236895575,
    -0.43734114849593414,
    -0.8345298830993789,
    13.0,
    -0.13257939187203063,
    -0.3077587760098595,
    -0.4373415301673075,
    -0.8345295840356254,
    14.0,
    -0.13257934443362412,
    -0.3077590650228702,
    -0.43734188270789226,
    -0.8345293002377541,
    15.0,
    -0.13257929105627883,
    -0.30775934764163965,
    -0.43734224388832466,
    -0.834529015213331,
    16.0,
    -0.13257925772856097,
    -0.3077595141924144,
    -0.43734246113945147,
    -0.8345288452346511,
    17.0,
    -0.13257925194050957,
    -0.3077595524960885,
    -0.43734250668827745,
    -0.8345288081581823,
    18.0,
    -0.13257925250777763,
    -0.30775956120427783,
    -0.43734251261350515,
    -0.8345288017514647,
    19.0,
    -0.13257925250777763,
    -0.30775956120427783,
    -0.43734251261350515,
    -0.8345288017514647,
    20.0,
    -0.13257925250777763,
    -0.30775956120427783,
    -0.43734251261350515,
    -0.8345288017514647,
    21.0,
    -0.13257925250777763,
    -0.30775956120427783,
    -0.43734251261350515,
    -0.8345288017514647,
    22.0,
    -0.13257925250777763,
    -0.30775956120427783,
    -0.43734251261350515,
    -0.8345288017514647,
    23.0,
    -0.13257925250777763,
    -0.30775956120427783,
    -0.43734251261350515,
    -0.8345288017514647,
    24.0,
    -0.13257925250777763,
    -0.30775956120427783,
    -0.43734251261350515,
    -0.8345288017514647,
    25.0,
    -0.13257925250777763,
    -0.30775956120427783,
    -0.43734251261350515,
    -0.8345288017514647,
    26.0,
    -0.13257925250777763,
    -0.30775956120427783,
    -0.43734251261350515,
    -0.8345288017514647,
    27.0,
    -0.13257925250777763,
    -0.30775956120427783,
    -0.43734251261350515,
    -0.8345288017514647,
    28.0,
    -0.13257925250777763,
    -0.30775956120427783,
    -0.43734251261350515,
    -0.8345288017514647,
    29.0,
    -0.13257925250777763,
    -0.30775956120427783,
    -0.43734251261350515,
    -0.8345288017514647,
    30.0,
    -0.13257925250777763,
    -0.30775956120427783,
    -0.43734251261350515,
    -0.8345288017514647,
    31.0,
    -0.13257925250777763,
    -0.30775956120427783,
    -0.43734251261350515,
    -0.8345288017514647,
    32.0,
    -0.13257925250777763,
    -0.30775956120427783,
    -0.43734251261350515,
    -0.8345288017514647,
    33.0,
    -0.13257925250777763,
    -0.30775956120427783,
    -0.43734251261350515,
    -0.8345288017514647,
    34.0,
    -0.13257925250777763,
    -0.30775956120427783,
    -0.43734251261350515,
    -0.8345288017514647,
    35.0,
    -0.13257925250777763,
    -0.30775956120427783,
    -0.43734251261350515,
    -0.8345288017514647,
    36.0,
    -0.13257925250777763,
    -0.30775956120427783,
    -0.43734251261350515,
    -0.8345288017514647,
    37.0,
    -0.13257925250777763,
    -0.30775956120427783,
    -0.43734251261350515,
    -0.8345288017514647,
    38.0,
    -0.13257925250777763,
    -0.30775956120427783,
    -0.43734251261350515,
    -0.8345288017514647,
    39.0,
    -0.13257925250777763,
    -0.30775956120427783,
    -0.43734251261350515,
    -0.8345288017514647,
    40.0,
    -0.13257925250777763,
    -0.30775956120427783,
    -0.43734251261350515,
    -0.8345288017514647,
    41.0,
    -0.13257925250777763,
    -0.30775956120427783,
    -0.43734251261350515,
    -0.8345288017514647,
    42.0,
    -0.13257925250777763,
    -0.30775956120427783,
    -0.43734251261350515,
    -0.8345288017514647,
    43.0,
    -0.13257925250777763,
    -0.30775956120427783,
    -0.43734251261350515,
    -0.8345288017514647,
    44.0,
    -0.13257925250777763,
    -0.30775956120427783,
    -0.43734251261350515,
    -0.8345288017514647,
    45.0,
    -0.13257925250777763,
    -0.30775956120427783,
    -0.43734251261350515,
    -0.8345288017514647,
    46.0,
    -0.13257925250777763,
    -0.30775956120427783,
    -0.43734251261350515,
    -0.8345288017514647,
    47.0,
    -0.13257925250777763,
    -0.30775956120427783,
    -0.43734251261350515,
    -0.8345288017514647,
    48.0,
    -0.13257925250777763,
    -0.30775956120427783,
    -0.43734251261350515,
    -0.8345288017514647,
    49.0,
    -0.13257925250777763,
    -0.30775956120427783,
    -0.43734251261350515,
    -0.8345288017514647,
    50.0,
    -0.13257925250777763,
    -0.30775956120427783,
    -0.43734251261350515,
    -0.8345288017514647,
    51.0,
    -0.13257925250777763,
    -0.30775956120427783,
    -0.43734251261350515,
    -0.8345288017514647,
    52.0,
    -0.1346338237149959,
    -0.306866375288806,
    -0.4429121138163784,
    -0.831586207595879,
    53.0,
    -0.16487702380374114,
    -0.291734220459136,
    -0.5244717908366917,
    -0.7827107078935832,
    54.0,
    -0.16487697815206934,
    -0.2917343595917819,
    -0.5244720240288354,
    -0.7827105093967448,
    55.0,
    -0.16487691963124546,
    -0.29173455321920533,
    -0.524472337877351,
    -0.782710239253562,
    56.0,
    -0.16487685033376603,
    -0.29173478127008123,
    -0.5244727083160806,
    -0.7827099206301849,
    57.0,
    -0.1508257443508221,
    -0.2992411551572138,
    -0.48668210398090106,
    -0.806750801403953,
    58.0,
    0.19397407041371512,
    -0.27325415512788154,
    0.485514798186104,
    -0.8074537803829948,
    59.0,
    0.19468292763781866,
    -0.27274975740161045,
    0.4876104526766037,
    -0.8061899118472322,
    60.0,
    0.19468284938591648,
    -0.2727499950871504,
    0.4876109108727089,
    -0.8061895731977853,
    61.0,
    0.19468277113379387,
    -0.27275023277268834,
    0.48761136906857094,
    -0.8061892345480588,
    62.0,
    0.1946826881373924,
    -0.27275048394613066,
    0.4876118538920493,
    -0.8061888763749528,
    63.0,
    0.1946826074882903,
    -0.27275071324053685,
    0.4876123065655329,
    -0.8061885444821077,
    64.0,
    0.19468253159938226,
    -0.27275093913708615,
    0.4876127451681449,
    -0.8061882210994396,
    65.0,
    0.1946824581067881,
    -0.2727511734247634,
    0.4876131892924039,
    -0.8061878909590515,
    66.0,
    0.19468238221747422,
    -0.27275139932130865,
    0.487613627894568,
    -0.8061875675758682,
    67.0,
    0.19463608945008026,
    -0.27278461769358847,
    0.48747747446038214,
    -0.8062698412610201,
    68.0,
    0.20041330224661066,
    -0.26856891562196455,
    0.5045738835373141,
    -0.7956823750067132,
    69.0,
    0.2715718542896573,
    -0.19632475767680405,
    0.7194779631511679,
    -0.6083229224849809,
    70.0,
    0.3137274356425161,
    -0.11776918215839954,
    0.854418223908708,
    -0.39708313299811837,
    71.0,
    0.30236703903988643,
    -0.14445934912415354,
    0.8168774891549441,
    -0.46948571635864716,
    72.0,
    0.30236677429262504,
    -0.1444594073714489,
    0.8168777886066183,
    -0.46948534791505847,
    73.0,
    0.30236650702407164,
    -0.14445947089580038,
    0.8168780962521447,
    -0.4694849652140515,
    74.0,
    0.3023662422768119,
    -0.14445952914262106,
    0.8168783957033998,
    -0.46948459677004567,
    75.0,
    0.3023659477090898,
    -0.1444595925876587,
    0.8168787273428122,
    -0.46948418992568763,
    76.0,
    0.30236567176103024,
    -0.14445965520542972,
    0.8168790416200982,
    -0.4694838015525767,
    77.0,
    0.3023653871334661,
    -0.1444597169171064,
    0.8168793625295793,
    -0.4694834075077916,
    78.0,
    0.30236510992475907,
    -0.14445978217298952,
    0.8168796809034169,
    -0.4694830120056026,
    79.0,
    0.3023648352373513,
    -0.14445984215134847,
    0.816879991083002,
    -0.46948263076042723,
    80.0,
    0.30236455928929473,
    -0.1444599047680834,
    0.8168803053593712,
    -0.4694822423864053,
    81.0,
    0.3023642858625407,
    -0.14445996210730871,
    0.816880611441508,
    -0.46948186826941324,
    82.0,
    0.3023639987136812,
    -0.144460029094911,
    0.8168809405438267,
    -0.46948145996620916,
    83.0,
    0.3023637041459724,
    -0.14446009253773445,
    0.8168812721812967,
    -0.4694810531199128,
    84.0,
    0.30236342945857214,
    -0.144460152514799,
    0.8168815823597455,
    -0.4694806718736038,
    85.0,
    0.30236314230971395,
    -0.14446021950156923,
    0.8168819114613262,
    -0.46948026356966727,
    86.0,
    0.30236286762231607,
    -0.1444602794781149,
    0.8168822216393179,
    -0.46947988232290316,
    87.0,
    0.30203224724535294,
    -0.1451497654699394,
    0.8158093510366172,
    -0.47134188225656026,
    88.0,
    0.30004487253412193,
    -0.14921413631438318,
    0.8093720690411841,
    -0.48231221200165375,
    89.0,
    0.2976981429545597,
    -0.15384227442132586,
    0.8018071521203909,
    -0.49478648030323974,
    90.0,
    0.2913151945895145,
    -0.16561092026262128,
    0.7814036685532123,
    -0.5264188325493521,
    91.0,
    0.29131492902422434,
    -0.1656110047567894,
    0.7814040459053799,
    -0.5264183927958451,
    92.0,
    0.29131467638763864,
    -0.1656110831453763,
    0.7814044024565421,
    -0.5264179786843484,
    93.0,
    0.2913144337893,
    -0.16561116051281774,
    0.7814047473944631,
    -0.5264175765768203,
    94.0,
    0.2913141911909561,
    -0.1656112378800343,
    0.7814050923321526,
    -0.5264171744690536,
    95.0,
    0.2913139471473754,
    -0.1656113177892197,
    0.7814054418634633,
    -0.5264167655419991,
    96.0,
    0.291313695956002,
    -0.1656113936346705,
    0.7814057938198087,
    -0.5264163582485547,
    97.0,
    0.29131345046717705,
    -0.1656114760855828,
    0.7814061479444874,
    -0.5264159425019533,
    98.0,
    0.291313199275795,
    -0.16561155193056015,
    0.7814064999003509,
    -0.5264155352080095,
    99.0,
    0.29131294230347343,
    -0.16561163794403985,
    0.7814068702313288,
    -0.5264151006375715,
    100.0,
    0.29131270115033103,
    -0.16561171276769027,
    0.7814072105737573,
    -0.5264147053473996,
    101.0,
    0.29131245855194904,
    -0.1656117901333007,
    0.7814075555097926,
    -0.5264143032379278,
    102.0,
    0.28919322391775315,
    -0.16928488281540968,
    0.7746841085812275,
    -0.5362596755322354,
    103.0,
    0.28532519335061196,
    -0.17572570003135174,
    0.7624676320928974,
    -0.5534917545895127,
    104.0,
    0.2801269172860718,
    -0.183898896535633,
    0.7461523653303077,
    -0.5752971004418204,
    105.0,
    0.27659350020026524,
    -0.18917147492729922,
    0.7351231127660007,
    -0.5893252054664061,
    106.0,
    0.2765932795407193,
    -0.18917157909189988,
    0.735123517274012,
    -0.5893247710112582,
    107.0,
    0.27659305888114677,
    -0.18917168325629466,
    0.735123921781755,
    -0.5893243365558248,
    108.0,
    0.27659284665901446,
    -0.1891717896483769,
    0.7351243188647941,
    -0.5893239066861836,
    109.0,
    0.27412197604711014,
    -0.19273460616563337,
    0.7274385787953127,
    -0.5987851266643666,
    110.0,
    0.27412175573848013,
    -0.1927347193713493,
    0.7274390023077424,
    -0.5987846765751582,
    111.0,
    0.27412155392931803,
    -0.19273482056077565,
    0.7274393869844755,
    -0.5987842690639359,
    112.0,
    0.2391449546562041,
    -0.23473176286082692,
    0.620427757487617,
    -0.7090698751925772,
    113.0,
    0.270032561466734,
    -0.19842305574155422,
    0.7147647036025678,
    -0.6138583917988188,
    114.0,
    0.26853036299531585,
    -0.2004510457282752,
    0.7101220055281348,
    -0.6192233520150421,
    115.0,
    0.24264748715836817,
    -0.2311089982006285,
    0.6310228177707928,
    -0.6996577959110012,
    116.0,
    0.24000881497433457,
    -0.23384813839104546,
    0.6230421009111816,
    -0.7067739082605123,
    117.0,
    0.24000866576931662,
    -0.23384830330870734,
    0.6230425677275108,
    -0.7067734928495703,
    118.0,
    0.24000852041246235,
    -0.23384847605858688,
    0.6230430387775787,
    -0.7067730698076274,
    119.0,
    0.24000837937007008,
    -0.23384863259818844,
    0.6230434809223286,
    -0.7067726761443865,
    120.0,
    0.24000824421655823,
    -0.23384879487555565,
    0.6230439211330842,
    -0.7067722802872551,
    121.0,
    0.2400081052146755,
    -0.23384894932052527,
    0.6230443571095867,
    -0.7067718920605498,
    122.0,
    0.258906347447713,
    -0.21273621545566657,
    0.6805280939229743,
    -0.6516074886512951,
    123.0,
    0.2928344705413094,
    -0.16290200207663022,
    0.7862711012040028,
    -0.5191229777169005,
    124.0,
    0.304603533926178,
    -0.13966251013195344,
    0.8242209749525402,
    -0.4564765654791162,
    125.0,
    0.3046032329244772,
    -0.13966257479096963,
    0.8242213026576002,
    -0.45647615484285914,
    126.0,
    0.30460293436034946,
    -0.1396626341333635,
    0.8242216223953968,
    -0.4564757585917296,
    127.0,
    0.3046026432701614,
    -0.13966269690232824,
    0.8242219395748153,
    -0.4564753609235977,
    128.0,
    0.30460236452905937,
    -0.13966275246524856,
    0.8242222382618767,
    -0.45647499060925445,
    129.0,
    0.30460208335038336,
    -0.13966281334422706,
    0.8242225449157092,
    -0.45647460590930267,
    130.0,
    0.30449603534109354,
    -0.13989335868705002,
    0.8238771024638086,
    -0.45709794649795893,
    131.0,
    0.29357390226600455,
    -0.16156191402993653,
    0.7886389327087119,
    -0.515519879014726,
    132.0,
    0.19798338760292095,
    -0.2703524854518223,
    0.49745687282814444,
    -0.8001554670933251,
    133.0,
    0.13448926417140017,
    -0.3069213022580926,
    0.3116513890144047,
    -0.8891486736020158,
    134.0,
    0.12035913553939602,
    -0.31273301047896485,
    0.27079796762532554,
    -0.9024301653751198,
    135.0,
    0.12035911609187691,
    -0.3127333263141695,
    0.2707982925921826,
    -0.9024299610026342,
    136.0,
    0.12035909959732656,
    -0.3127336498228152,
    0.27079861671841865,
    -0.9024297538290793,
    137.0,
    0.12035908287844133,
    -0.31273396460769665,
    0.27079893380980236,
    -0.9024295518193578,
    138.0,
    0.12035906365428087,
    -0.312734289166682,
    0.2707992658109283,
    -0.9024293422822294,
    139.0,
    0.12035904465394237,
    -0.31273462244944045,
    0.2707996048466001,
    -0.902429127580843,
    140.0,
    0.12035902587740664,
    -0.3127349644559725,
    0.2707999509168064,
    -0.9024289077151831,
    141.0,
    0.12035900710059229,
    -0.31273530646250924,
    0.2708002969868464,
    -0.9024286878492925,
    142.0,
    0.12035898559436588,
    -0.31273564951938104,
    0.27080065093189376,
    -0.9024284656199896,
    143.0,
    0.12035896659294251,
    -0.3127359828021574,
    0.2708009899669172,
    -0.9024282509177032,
    144.0,
    0.11996820502056088,
    -0.3128864250142656,
    0.2696738731970356,
    -0.9027655935739058,
    145.0,
    0.11764352951697891,
    -0.3137682178496281,
    0.2629690281202035,
    -0.9047412866006347,
    146.0,
    0.11470532920753004,
    -0.3148545734745278,
    0.2545005350972512,
    -0.9071597227879873,
    147.0,
    0.11470531941996465,
    -0.31485473455352536,
    0.25450069504118134,
    -0.9071596232469502,
    148.0,
    0.1900721820417205,
    -0.27597729608551014,
    0.474081331263668,
    -0.8142210934423757,
    149.0,
    0.12598593160813132,
    -0.3105135194366408,
    0.2870532350904478,
    -0.8973902938565864,
    150.0,
    0.20619010215666655,
    -0.2641529292679947,
    0.5217898856213259,
    -0.7845025092343841,
    151.0,
    0.1722844076721513,
    -0.28741834461042337,
    0.4217764543848065,
    -0.842504243657586,
    152.0,
    0.13993064499894386,
    -0.30448430442311886,
    0.32743571568357216,
    -0.8834560402447516,
    153.0,
    0.08605657506446629,
    -0.32386073299530976,
    0.17226813256629,
    -0.9263002655802478,
    154.0,
    0.04281732288839259,
    -0.33235299075639985,
    0.04923427726396071,
    -0.9408953992544776,
    155.0,
    0.004231402209016934,
    -0.3350733737386218,
    -0.05952259612357975,
    -0.9403004785692034,
    156.0,
    -0.09539744083874586,
    -0.3212345752178909,
    -0.3358899162840058,
    -0.8802758886307875,
    157.0,
    -0.15531120470126142,
    -0.29693600434753575,
    -0.4986854165217189,
    -0.7993874494667293,
    158.0,
    -0.21740671067867784,
    -0.2550038544658017,
    -0.6638405406801723,
    -0.6685978558961423,
    159.0,
    -0.257547937466888,
    -0.21438673112934584,
    -0.767725881423279,
    -0.54617246398466,
    160.0,
    -0.28481522831002976,
    -0.17655815070633446,
    -0.8361126421292163,
    -0.4343076729849083,
    161.0,
    -0.2650333419937936,
    -0.20506026499691268,
    -0.786726763856483,
    -0.5184289868274172,
    162.0,
    -0.1364162101944643,
    -0.30607696245202315,
    -0.44766515005321805,
    -0.8290376493743528,
    163.0,
    -0.13592094318114958,
    -0.3062974981560709,
    -0.4463241318541353,
    -0.8297602720983519,
    164.0,
    -0.13592088819925785,
    -0.30629779241277444,
    -0.44632451027494596,
    -0.8297599689319891
   ]
  }
 },
 {
  "id": "bus0",
  "name": "bus0",
  "description": "1",
  "model": {
   "gltf": "./3Dmodels/bus/bus1.glb"
  },
  "position": {
   "epoch": "2023-09-06T15:50:54Z",
   "cartographicDegrees": [
    0.0,
    4.341309,
    50.847409,
    0,
    1.0,
    4.341326,
    50.847362,
    0,
    2.0,
    4.341343,
    50.847316,
    0,
    3.0,
    4.341361,
    50.847267,
    0,
    4.0,
    4.341378,
    50.847221,
    0,
    5.0,
    4.341394,
    50.847177,
    0,
    6.0,
    4.341411,
    50.84713,
    0,
    7.0,
    4.341427,
    50.847086,
    0,
    8.0,
    4.341455,
    50.847045,
    0,
    9.0,
    4.341498,
    50.847006,
    0,
    10.0,