[
 {
  "id": "document",
  "version": "1.0",
  "name": "SUMOTrafficSimulationOutput",
  "clock": {
   "interval": "2023-09-06T15:49:29Z/2023-09-06T17:07:02Z",
   "currentTime": "2023-09-06T17:07:03Z",
   "multiplier": 1
  }
 },
 {
  "id": "bike0",
  "name": "bike0",
  "description": "1",
  "model": {
   "gltf": "./3Dmodels/bicycles/2.glb"
  },
  "position": {
   "epoch": "2023-09-06T15:49:29Z",
   "cartographicDegrees": [
    0.0,
    4.349395,
    50.846635,
    0,
    1.0,
    4.349401,
    50.846629,
    0,
    2.0,
    4.349413,
    50.846619,
    0,
    3.0,
    4.349431,
    50.846602,
    0,
    4.0,
    4.349455,
    50.84658,
    0,
    5.0,
    4.349478,
    50.84656,
    0,
    6.0,
    4.349501,
    50.846538,
    0,
    7.0,
    4.349526,
    50.846517,
    0,
    8.0,
    4.349549,
    50.846498,
    0,
    9.0,
    4.349578,
    50.846482,
    0,
    10.0,
    4.349618,
    50.846478,
    0,
    11.0,
    4.349658,
    50.846473,
    0,
    12.0,
    4.349697,
    50.846465,
    0,
    13.0,
    4.349734,
    50.846457,
    0,
    14.0,
    4.349772,
    50.846448,
    0,
    15.0,
    4.34981,
    50.846439,
    0,
    16.0,
    4.349847,
    50.84643,
    0,
    17.0,
    4.349884,
    50.846418,
    0,
    18.0,
    4.349916,
    50.846405,
    0,
    19.0,
    4.349927,
    50.846381,
    0,
    20.0,
    4.349911,
    50.846358,
    0,
    21.0,
    4.349939,
    50.846331,
    0,
    22.0,
    4.349996,
    50.84632,
    0,
    23.0,
    4.350063,
    50.846322,
    0,
    24.0,
    4.350128,
    50.846343,
    0,
    25.0,
    4.350194,
    50.846363,
    0,
    26.0,
    4.35026,
    50.846384,
    0,
    27.0,
    4.350324,
    50.846404,
    0,
    28.0,
    4.350391,
    50.846426,
    0,
    29.0,
    4.35046,
    50.846449,
    0,
    30.0,
    4.350525,
    50.846471,
    0,
    31.0,
    4.350587,
    50.846492,
    0,
    32.0,
    4.350656,
    50.846515,
    0,
    33.0,
    4.350724,
    50.846537,
    0,
    34.0,
    4.35079,
    50.846559,
    0,
    35.0,
    4.350856,
    50.846581,
    0,
    36.0,
    4.350921,
    50.846603,
    0,
    37.0,
    4.350984,
    50.846624,
    0,
    38.0,
    4.351052,
    50.846646,
    0,
    39.0,
    4.351089,
    50.846642,
    0,
    40.0,
    4.351103,
    50.846608,
    0
   ]
  },
  "orientation": {
   "epoch": "2023-09-06T15:49:29Z",
   "unitQuaternion": [
    0.0,
    -0.0943945224189686,
    -0.32149703419889714,
    -0.33322834799504997,
    -0.8812991542212542,
    1.0,
    -0.09227498974809142,
    -0.3221118255952792,
    -0.3274166432070676,
    -0.8834747533629254,
    2.0,
    -0.09146812554168351,
    -0.32234195977430136,
    -0.32520349054619196,
    -0.8842917689967076,
    3.0,
    -0.09146811306519714,
    -0.3223421086104285,
    -0.3252036122932767,
    -0.8842916712602686,
    4.0,
    -0.091050709082119,
    -0.3224604476314292,
    -0.32405868561751866,
    -0.8847118154319111,
    5.0,
    -0.08988400850251933,
    -0.32278777412797116,
    -0.3208574212813769,
    -0.8858777754846849,
    6.0,
    -0.09021796970248663,
    -0.3226947803633253,
    -0.32177412420951484,
    -0.8855451482890222,
    7.0,
    -0.09700396939359984,
    -0.32072035944559996,
    -0.34038011298780024,
    -0.8785613579263448,
    8.0,
    -0.10354632941443094,
    -0.3186684505813571,
    -0.3582864122936529,
    -0.8714123151726845,
    9.0,
    -0.1377420362758223,
    -0.30544826621512855,
    -0.4513465052741803,
    -0.8270518848812003,
    10.0,
    -0.20880182858920066,
    -0.2620559678944121,
    -0.641333039203321,
    -0.6902321340643018,
    11.0,
    -0.2046283148816333,
    -0.2653277486996378,
    -0.6303293446525354,
    -0.7002951918930975,
    12.0,
    -0.18730839590865972,
    -0.2778257914296588,
    -0.5844329167860569,
    -0.7390308249427422,
    13.0,
    -0.18715240918717563,
    -0.2779309723239056,
    -0.5840183357654216,
    -0.7393584609973106,
    14.0,
    -0.18308676882664865,
    -0.2806259687060279,
    -0.5731940682312275,
    -0.7477812921656677,
    15.0,
    -0.18308671620198952,
    -0.28062609139576555,
    -0.5731943001950256,
    -0.7477810812010707,
    16.0,
    -0.1805577924196497,
    -0.2822599546665412,
    -0.5664524259007809,
    -0.7529009568192254,
    17.0,
    -0.16371984844060947,
    -0.29234855183253017,
    -0.5213936439285634,
    -0.7847781874765002,
    18.0,
    -0.1456413851780038,
    -0.3017623619433654,
    -0.47271272744735154,
    -0.8150280615703238,
    19.0,
    0.011091936916902412,
    -0.3348866037005403,
    -0.0403240814053889,
    -0.9413298571999936,
    20.0,
    0.06659162658762156,
    -0.32838658681736116,
    0.11667395951641701,
    -0.9349411703618682,
    21.0,
    -0.14301660772102598,
    -0.30301583097219026,
    -0.46562001314191276,
    -0.8191005185311068,
    22.0,
    -0.2009629786699433,
    -0.26811617951588146,
    -0.6206485781154041,
    -0.7088885229492989,
    23.0,
    -0.24852017097003817,
    -0.22474456192543862,
    -0.7447408654245125,
    -0.5771383281958615,
    24.0,
    -0.2796768875443516,
    -0.1845348648819487,
    -0.8235236572278244,
    -0.45775157913721476,
    25.0,
    -0.2796766440019315,
    -0.18453493539936164,
    -0.8235239719888463,
    -0.45775113323364297,
    26.0,
    -0.27967639359662017,
    -0.18453500138830123,
    -0.8235242893053601,
    -0.45775068875044805,
    27.0,
    -0.27967615327495277,
    -0.1845350670239903,
    -0.8235245960766014,
    -0.45775025721964047,
    28.0,
    -0.281661020626248,
    -0.18149074332222326,
    -0.8284415035503132,
    -0.4487904352182917,
    29.0,
    -0.28166075237681903,
    -0.18149081048937843,
    -0.8284418329175498,
    -0.44878996841578717,
    30.0,
    -0.28166049737422466,
    -0.18149087227802344,
    -0.8284421440477683,
    -0.4487895291383294,
    31.0,
    -0.28166025403465805,
    -0.1814909311461471,
    -0.8284424408574398,
    -0.4487891101564335,
    32.0,
    -0.2816599857852588,
    -0.18149099831254784,
    -0.8284427702238378,
    -0.44878864335321167,
    33.0,
    -0.2816597260312693,
    -0.18149106747431226,
    -0.8284430931025129,
    -0.44878818238648654,
    34.0,
    -0.28165946944490455,
    -0.18149113171994058,
    -0.8284434081480785,
    -0.44878773587858495,
    35.0,
    -0.2816592128585488,
    -0.18149119596532692,
    -0.8284437231933739,
    -0.44878728937045276,
    36.0,
    -0.2816589578560121,
    -0.18149125775253303,
    -0.8284440343219954,
    -0.44878685009162816,
    37.0,
    -0.2816587129326902,
    -0.1814913190772198,
    -0.8284443350465442,
    -0.4487864238788876,
    38.0,
    -0.2816584531787394,
    -0.18149138823776056,
    -0.8284446579238387,
    -0.4487859629109901,
    39.0,
    -0.03453602808521228,
    -0.33328350252534644,
    -0.16793512141591824,
    -0.9271068787920601,
    40.0,
    -0.034536016181070536,
    -0.33328378481033966,
    -0.1679352169634974,
    -0.9271067604500892
   ]
  }
 },
 {
  "id": "bus0",
  "name": "bus0",
  "description": "1",
  "model": {
   "gltf": "./3Dmodels/bus/bus1.glb"
  },
  "position": {
   "epoch": "2023-09-06T15:49:29Z",
   "cartographicDegrees": [
    0.0,
    4.349468,
    50.84614,
    0,
    1.0,
    4.349408,
    50.846171,
    0,
    2.0,
    4.349353,
    50.846199,
    0,
    3.0,
    4.349292,
    50.846231,
    0,
    4.0,
    4.349232,
    50.846261,
    0,
    5.0,
    4.349177,
    50.84629,
    0,
    6.0,
    4.349121,
    50.846318,
    0,
    7.0,
    4.349061,
    50.846346,
    0,
    8.0,
    4.348989,
    50.846362,
    0,
    9.0,
    4.348923,
    50.846387,
    0,
    10.0,
    4.348855,
    50.846413,
    0,
    11.0,
    4.348794,
    50.846436,
    0,
    12.0,
    4.348726,
    50.846454,
    0,
    13.0,
    4.348658,
    50.846472,
    0,
    14.0,
    4.348585,
    50.84649,
    0,
    15.0,
    4.348516,
    50.846508,
    0,
    16.0,
    4.348444,
    50.846526,
    0,
    17.0,
    4.348378,
    50.846543,
    0,
    18.0,
    4.348311,
    50.846559,
    0,
    19.0,
    4.348245,
    50.846576,
    0,
    20.0,
    4.348176,
    50.846593,
    0,
    21.0,
    4.348105,
    50.846611,
    0,
    22.0,
    4.348037,
    50.846628,
    0,
    23.0,
    4.347966,
    50.846646,
    0,
    24.0,
    4.347898,
    50.846664,
    0,
    25.0,
    4.347832,
    50.846684,
    0,
    26.0,
    4.347768,
    50.846704,
    0,
    27.0,
    4.347701,
    50.846722,
    0,
    28.0,
    4.34763,
    50.846739,
    0,
    29.0,
    4.347563,
    50.846756,
    0,
    30.0,
    4.34749,
    50.846774,
    0,
    31.0,
    4.347423,
    50.846789,
    0,
    32.0,
    4.347357,
    50.846805,
    0,
    33.0,
    4.347289,
    50.84682,
    0,
    34.0,
    4.347222,
    50.846834,
    0,
    35.0,
    4.347153,
    50.84685,
    0,
    36.0,
    4.347081,
    50.846866,
    0,
    37.0,
    4.347013,
    50.846881,
    0,
    38.0,
    4.346943,
    50.846897,
    0,
    39.0,
    4.346872,
    50.846914,
    0,
    40.0,
    4.346806,
    50.84693,
    0,
    41.0,
    4.346738,
    50.846946,
    0,
    42.0,
    4.346668,
    50.846961,
    0,
    43.0,
    4.346597,
    50.846976,
    0,
    44.0,
    4.346521,
    50.846983,
    0,
    45.0,
    4.346447,
    50.846984,
    0,
    46.0,
    4.346373,
    50.846986,
    0,
    47.0,
    4.346299,
    50.846987,
    0,
    48.0,
    4.346221,
    50.846989,
    0,
    49.0,
    4.34615,
    50.84699,
    0,
    50.0,
    4.346077,
    50.846992,
    0,
    51.0,
    4.346001,
    50.846994,
    0,
    52.0,
    4.345943,
    50.847022,
    0,
    53.0,
    4.34593,
    50.84707,
    0,
    54.0,
    4.345922,
    50.847119,
    0,
    55.0,
    4.345915,
    50.847165,
    0,
    56.0,
    4.345907,
    50.847211,
    0,
    57.0,
    4.3459,
    50.847259,
    0,
    58.0,
    4.345893,
    50.847305,
    0,
    59.0,
    4.345885,
    50.847352,
    0,
    60.0,
    4.345879,
    50.847396,
    0,
    61.0,
    4.345871,
    50.847441,
    0,
    62.0,
    4.345863,
    50.84749,
    0,
    63.0,
    4.345855,
    50.847535,
    0,
    64.0,
    4.345846,
    50.847583,
    0,
    65.0,
    4.345838,
    50.847628,
    0,
    66.0,
    4.345829,
    50.847675,
    0,
    67.0,
    4.345821,
    50.847721,
    0,
    68.0,
    4.345811,
    50.847763,
    0,
    69.0,
    4.345806,
    50.847809,
    0,
    70.0,
    4.345834,
    50.847857,
    0,
    71.0,
    4.345886,
    50.847904,
    0,
    72.0,
    4.34595,
    50.84795,
    0,
    73.0,
    4.346021,
    50.847994,
    0,
    74.0,
    4.346063,
    50.848055,
    0,
    75.0,
    4.346148,
    50.848094,
    0,
    76.0,
    4.34624,
    50.848137,
    0,
    77.0,
    4.34633,
    50.848178,
    0,
    78.0,
    4.346419,
    50.84822,
    0,
    79.0,
    4.34651,
    50.848262,
    0,
    80.0,
    4.346606,
    50.848306,
    0,
    81.0,
    4.346699,
    50.84835,
    0,
    82.0,
    4.346791,
    50.848392,
    0,
    83.0,
    4.346883,
    50.848435,
    0,
    84.0,
    4.346978,
    50.848479,
    0,
    85.0,
    4.347068,
    50.84852,
    0,
    86.0,
    4.347157,
    50.848562,
    0,
    87.0,
    4.347247,
    50.848603,
    0,
    88.0,
    4.34734,
    50.848646,
    0,
    89.0,
    4.347433,
    50.848689,
    0,
    90.0,
    4.347523,
    50.848731,
    0,
    91.0,
    4.347614,
    50.848773,
    0,
    92.0,
    4.347708,
    50.848816,
    0,
    93.0,
    4.347798,
    50.848856,
    0,
    94.0,
    4.347888,
    50.848897,
    0,
    95.0,
    4.347943,
    50.848925,
    0,
    96.0,
    4.347957,
    50.848932,
    0,
    97.0,
    4.347972,
    50.848946,
    0,
    98.0,
    4.34797,
    50.848974,
    0,
    99.0,
    4.347969,
    50.848977,
    0,
    100.0,
    4.347968,
    50.848977,
    0,
    101.0,
    4.347968,
    50.848977,
    0,
    102.0,
    4.347968,
    50.848977,
    0,
    103.0,
    4.347968,
    50.848977,
    0,
    104.0,
    4.347968,
    50.848977,
    0,
    105.0,
    4.347968,
    50.848977,
    0,
    106.0,
    4.347968,
    50.848977,
    0,
    107.0,
    4.347968,
    50.848977,
    0,
    108.0,
    4.347968,
    50.848977,
    0,
    109.0,
    4.347968,
    50.848977,
    0,
    110.0,
    4.347968,
    50.848977,
    0,
    111.0,
    4.347968,
    50.848977,
    0,
    112.0,
    4.347968,
    50.848977,
    0,
    113.0,
    4.347963,
    50.848986,
    0,
    114.0,
    4.347943,
    50.849001,
    0,
    115.0,
    4.347904,
    50.84902,
    0,
    116.0,
    4.347854,
    50.849046,
    0,
    117.0,
    4.3478,
    50.849082,
    0,
    118.0,
    4.347738,
    50.849123,
    0,
    119.0,
    4.347668,
    50.849169,
    0,
    120.0,
    4.347588,
    50.849222,
    0,
    121.0,
    4.347509,
    50.849274,
    0,
    122.0,
    4.347431,
    50.849325,
    0,
    123.0,
    4.347351,
    50.849378,
    0,
    124.0,
    4.347278,
    50.849432,
    0,
    125.0,
    4.347204,
    50.849487,
    0,
    126.0,
    4.347132,
    50.84954,
    0,
    127.0,
    4.347058,
    50.849595,
    0,
    128.0,
    4.346986,
    50.849648,
    0,
    129.0,
    4.346915,
    50.8497,
    0,
    130.0,
    4.346842,
    50.849754,
    0,
    131.0,
    4.346769,
    50.849808,
    0,
    132.0,
    4.346703,
    50.849857,
    0,
    133.0,
    4.346668,
    50.849883,
    0,
    134.0,
    4.346624,
    50.849915,
    0,
    135.0,
    4.346563,
    50.849948,
    0,
    136.0,
    4.346507,
    50.849995,
    0,
    137.0,
    4.346456,
    50.850052,
    0,
    138.0,
    4.346409,
    50.850119,
    0,
    139.0,
    4.346346,
    50.85018,
    0,
    140.0,
    4.34627,
    50.850237,
    0,
    141.0,
    4.346196,
    50.850293,
    0,
    142.0,
    4.346124,
    50.850347,
    0,
    143.0,
    4.346048,
    50.850405,
    0,
    144.0,
    4.345976,
    50.85046,
    0,
    145.0,
    4.345903,
    50.850515,
    0,
    146.0,
    4.345827,
    50.850572,
    0,
    147.0,
    4.345752,
    50.850629,
    0,
    148.0,
    4.345679,
    50.850684,
    0,
    149.0,
    4.345608,
    50.850738,
    0,
    150.0,
    4.345535,
    50.850793,
    0,
    151.0,
    4.34546,
    50.850849,
    0,
    152.0,
    4.345384,
    50.850906,
    0,
    153.0,
    4.345309,
    50.850958,
    0,
    154.0,
    4.345235,
    50.851009,
    0,
    155.0,
    4.345163,
    50.851062,
    0,
    156.0,
    4.345089,
    50.851118,
    0,
    157.0,
    4.345015,
    50.851174,
    0,
    158.0,
    4.344944,
    50.851227,
    0,
    159.0,
    4.344871,
    50.85128,
    0,
    160.0,
    4.344823,
    50.851311,
    0,
    161.0,
    4.344749,
    50.851304,
    0,
    162.0,
    4.344693,
    50.851273,
    0,
    163.0,
    4.344635,
    50.85124,
    0,
    164.0,
    4.344576,
    50.851208,
    0,
    165.0,
    4.344521,
    50.851178,
    0,
    166.0,
    4.344463,
    50.851145,
    0,
    167.0,
    4.344409,
    50.851116,
    0,
    168.0,
    4.344352,
    50.851085,
    0,
    169.0,
    4.344293,
    50.851052,
    0,
    170.0,
    4.34424,
    50.851023,
    0,
    171.0,
    4.344186,
    50.850994,
    0,
    172.0,
    4.344126,
    50.850961,
    0,
    173.0,
    4.344072,
    50.850931,
    0,
    174.0,
    4.344019,
    50.850894,
    0,
    175.0,
    4.344024,
    50.850851,
    0,
    176.0,
    4.344073,
    50.850813,
    0,
    177.0,
    4.344121,
    50.850779,
    0,
    178.0,
    4.344172,
    50.850742,
    0,
    179.0,
    4.344219,
    50.850709,
    0,
    180.0,
    4.34427,
    50.850672,
    0,
    181.0,
    4.344319,
    50.850637,
    0,
    182.0,
    4.344369,
    50.850602,
    0,
    183.0,
    4.344418,
    50.850569,
    0
   ]
  },
  "orientation": {
   "epoch": "2023-09-06T15:49:29Z",
   "unitQuaternion": [
    0.0,
    0.3065061270988354,
    -0.13537869245846465,
    0.8305149669376541,
    -0.44493987613120983,
    1.0,
    0.30657035892356665,
    -0.13523254245529123,
    0.830727405260624,
    -0.4445433079459234,
    2.0,
    0.30657008337841063,
    -0.1352325966828781,
    0.8307276908135561,
    -0.4445429478546893,
    3.0,
    0.30656977066132673,
    -0.13523265368850498,
    0.8307280099549785,
    -0.44454254978490815,
    4.0,
    0.3065694741699526,
    -0.13523271465535006,
    0.8307283200605383,
    -0.44454215620512216,
    5.0,
    0.30654726146518085,
    -0.13528246857281412,
    0.8306565226614845,
    -0.44467647963994467,
    6.0,
    0.30653713448323905,
    -0.13530484365663925,
    0.8306244346796956,
    -0.44473658830693585,
    7.0,
    0.30501536284937836,
    -0.13870071982251658,
    0.8256346365344706,
    -0.45393301895893234,
    8.0,
    0.2932415151758991,
    -0.16211596735175338,
    0.7876308326738964,
    -0.5170739776167167,
    9.0,
    0.288378270612087,
    -0.17061655365560405,
    0.7721836834585833,
    -0.5398706545625543,
    10.0,
    0.29561946146977225,
    -0.1577372057645086,
    0.7952341831638591,
    -0.5053025844438523,
    11.0,
    0.29602803744319456,
    -0.15696867967611533,
    0.7965446740119211,
    -0.5032343558934644,
    12.0,
    0.29140390843999303,
    -0.16539476508464598,
    0.7817837544353494,
    -0.5258730789168239,
    13.0,
    0.28576056408750183,
    -0.17496418777486142,
    0.7639213797774773,
    -0.5515002797166569,
    14.0,
    0.2827144717275974,
    -0.17984436406783247,
    0.7543411877214707,
    -0.5645333512696864,
    15.0,
    0.2827142385619896,
    -0.17984445486415096,
    0.754341569787475,
    -0.5645329285874285,
    16.0,
    0.2827140006880486,
    -0.1798445530616847,
    0.7543419666326514,
    -0.5645324861562749,
    17.0,
    0.2827137791681905,
    -0.17984464086930033,
    0.7543423315776758,
    -0.5645320814701213,
    18.0,
    0.28271356301633344,
    -0.17984473555703437,
    0.7543426991078908,
    -0.5645316684488589,
    19.0,
    0.2825701974206127,
    -0.18006964619469082,
    0.7538937782056718,
    -0.5651311150801839,
    20.0,
    0.2824157772807518,
    -0.18031147779324325,
    0.7534102851580351,
    -0.565775610942195,
    21.0,
    0.282357680716518,
    -0.18040216529070252,
    0.7532291332765024,
    -0.5660168475251811,
    22.0,
    0.2823574558752507,
    -0.18040225758836978,
    0.7532295088965039,
    -0.5660164304118804,
    23.0,
    0.2823572193823162,
    -0.1804023528510541,
    0.7532299016721095,
    -0.566015995335392,
    24.0,
    0.28347797645746625,
    -0.1786357913054189,
    0.7567499868191081,
    -0.5613011209480582,
    25.0,
    0.2859267231919106,
    -0.1746891749272473,
    0.7644583202376432,
    -0.5507568226971092,
    26.0,
    0.2884564196959515,
    -0.17047927325208542,
    0.7724497165331228,
    -0.539491563192171,
    27.0,
    0.28766976478128736,
    -0.1718030730906508,
    0.7699628640501729,
    -0.5430349882751041,
    28.0,
    0.2840970339520857,
    -0.17764844812917074,
    0.7587004036313959,
    -0.5586623324571667,
    29.0,
    0.2818652072704999,
    -0.18116844947128596,
    0.7516933329041238,
    -0.5680555704453735,
    30.0,
    0.28161646150434344,
    -0.18155459670220847,
    0.7509146691126823,
    -0.569084577841872,
    31.0,
    0.28096489490113086,
    -0.18256108062107765,
    0.7488741990549117,
    -0.5717670973967682,
    32.0,
    0.28023170207312686,
    -0.183684308850822,
    0.7465799902932703,
    -0.5747595896798021,
    33.0,
    0.27954534475175924,
    -0.18472695997848038,
    0.744434281846652,
    -0.5775361031971842,
    34.0,
    0.2788721550036634,
    -0.18574146962738766,
    0.7423314660696436,
    -0.5802365225553838,
    35.0,
    0.27868786848134586,
    -0.18601762329845228,
    0.7417569161873794,
    -0.5809709055296213,
    36.0,
    0.2786876421834128,
    -0.18601772536807645,
    0.7417573180535162,
    -0.5809704683176175,
    37.0,
    0.27868742921742296,
    -0.18601782227415742,
    0.7417576973377333,
    -0.5809700551945748,
    38.0,
    0.27938039681415205,
    -0.1849751851574793,
    0.7439239545539963,
    -0.5781936739472914,
    39.0,
    0.28043863477409325,
    -0.18336658284658475,
    0.7472350369250809,
    -0.5739082400634984,
    40.0,
    0.2810617617404943,
    -0.1824097845698615,
    0.7491871236551632,
    -0.5713576903567584,
    41.0,
    0.280720012839276,
    -0.18293504216454462,
    0.7481179635123711,
    -0.57275697936374,
    42.0,
    0.27950232824976046,
    -0.1847899378048086,
    0.7443094076947813,
    -0.5776977003642148,
    43.0,
    0.2782563549381977,
    -0.18666063028445795,
    0.740418186015486,
    -0.5826766855262477,
    44.0,
    0.26950531188745236,
    -0.19908701177245466,
    0.7132339227425953,
    -0.6156530029628466,
    45.0,
    0.2559954441021915,
    -0.21618297454011368,
    0.6717112529467235,
    -0.660708140393815,
    46.0,
    0.24732210831273374,
    -0.226054218279458,
    0.6452894487959165,
    -0.6865368106740307,
    47.0,
    0.2473219562641779,
    -0.22605437244588755,
    0.6452898941444946,
    -0.6865363960947322,
    48.0,
    0.24732179025567863,
    -0.2260545296981983,
    0.6452903654600184,
    -0.6865359611208492,
    49.0,
    0.24732164412502666,
    -0.22605467738954896,
    0.6452907928345918,
    -0.6865355634346297,
    50.0,
    0.24732148797983675,
    -0.22605482385019582,
    0.6452912341938075,
    -0.6865351566162718,
    51.0,
    0.24853418014051948,
    -0.22472083144312197,
    0.6489766950036381,
    -0.683052383466705,
    52.0,
    0.2764679523905601,
    -0.1892987263694446,
    0.7348491476277896,
    -0.5896848257557491,
    53.0,
    0.32139744673443854,
    -0.09472039516133136,
    0.8809812303290683,
    -0.3340715488947631,
    54.0,
    0.3344958611548498,
    -0.01950694518272552,
    0.9337360688432962,
    -0.12597202745443553,
    55.0,
    0.33498782543800143,
    -0.007134801442369753,
    0.9377530262291845,
    -0.09138661397985756,
    56.0,
    0.33499292262835756,
    -0.0068729117323409195,
    0.9378243285278552,
    -0.09065337111496832,
    57.0,
    0.33499252762556275,
    -0.006872924100374135,
    0.9378244737653598,
    -0.09065332733040203,
    58.0,
    0.33499214906366875,
    -0.006872936805672315,
    0.9378246131818829,
    -0.09065328298314285,
    59.0,
    0.33499176222126154,
    -0.006872952265620045,
    0.9378247562997559,
    -0.09065323073311676,
    60.0,
    0.3349914001602001,
    -0.006872962384784947,
    0.9378248891040688,
    -0.09065319400720179,
    61.0,
    0.33498637768898776,
    -0.007096098270247585,
    0.9377644386277454,
    -0.09127776178971211,
    62.0,
    0.3349721670913078,
    -0.007720436341404305,
    0.9375928385653458,
    -0.09302532562602916,
    63.0,
    0.33494990001175295,
    -0.00861825970721912,
    0.9373402692794929,
    -0.09553800117640837,
    64.0,
    0.33493291673335357,
    -0.009240494168242309,
    0.9371613189010982,
    -0.09727906718081389,
    65.0,
    0.33492079060836333,
    -0.009657200311879426,
    0.9370397033849732,
    -0.09844489210013155,
    66.0,
    0.33492040356615527,
    -0.009657215478252592,
    0.937039847790191,
    -0.09844483286402637,
    67.0,
    0.3349200248269703,
    -0.009657227958819426,
    0.9370399884282156,
    -0.09844478149959297,
    68.0,
    0.33483522465201077,
    -0.012240343136434243,
    0.9362528956323695,
    -0.10566958764064206,
    69.0,
    0.33496118143628295,
    -0.008075094140939676,
    0.9374948234739284,
    -0.09401731619766718,
    70.0,
    -0.33368823661750535,
    -0.030267085835097657,
    -0.9420969374016606,
    -0.013763168115017238,
    71.0,
    -0.32255622230042214,
    -0.09067061395245968,
    -0.9237557899355594,
    -0.18550354115567513,
    72.0,
    -0.31202306291279697,
    -0.12208616439725521,
    -0.9009169986157746,
    -0.2758353463181028,
    73.0,
    -0.30641468693872354,
    -0.13554785325615043,
    -0.8880613733808814,
    -0.3147758189803595,
    74.0,
    -0.3203037842965999,
    -0.09832766935104059,
    -0.9190761564975939,
    -0.20745161788445995,
    75.0,
    -0.29607310629317746,
    -0.15685453656704257,
    -0.8636075240194311,
    -0.3767219326575972,
    76.0,
    -0.29432116740469844,
    -0.16011696789297242,
    -0.8593920090065739,
    -0.3862421285488434,
    77.0,
    -0.2943207455222244,
    -0.1601170379526497,
    -0.8593924217047605,
    -0.38624150272716573,
    78.0,
    -0.29432031781446594,
    -0.1601171015140488,
    -0.8593928336987346,
    -0.3862408856032602,
    79.0,
    -0.2943248531247261,
    -0.16010804195032002,
    -0.8594052310686443,
    -0.3862135996411743,
    80.0,
    -0.2943316258502772,
    -0.16009483394975896,
    -0.859423099140666,
    -0.3861741509091262,
    81.0,
    -0.2943185405032796,
    -0.1601181317600476,
    -0.8593930455765296,
    -0.3862413414076597,
    82.0,
    -0.2942862584320207,
    -0.16017673392045423,
    -0.8593166350318561,
    -0.38641161054785317,
    83.0,
    -0.29428411535392046,
    -0.1601799317054632,
    -0.8593129493260859,
    -0.3864201134124584,
    84.0,
    -0.29428366480239654,
    -0.1601800027194022,
    -0.8593133870138495,
    -0.3864194537779756,
    85.0,
    -0.29428324290534846,
    -0.16018007268467974,
    -0.8593137998402699,
    -0.38641882804014455,
    86.0,
    -0.2942828151844183,
    -0.16018013615042243,
    -0.8593142119606614,
    -0.3864182109999384,
    87.0,
    -0.29428239328744094,
    -0.16018020611452868,
    -0.8593146247859599,
    -0.38641758526118863,
    88.0,
    -0.2942819527534935,
    -0.16018027592061257,
    -0.8593150530603985,
    -0.38641693942345723,
    89.0,
    -0.2942815122195852,
    -0.16018034572606438,
    -0.8593154813342335,
    -0.3864162935852306,
    90.0,
    -0.29430818296269856,
    -0.16013061425935157,
    -0.8593812697904453,
    -0.3862702589528209,
    91.0,
    -0.29440631282612717,
    -0.15994940369045013,
    -0.859619408998171,
    -0.3857403049991396,
    92.0,
    -0.2937514030571087,
    -0.1611482704101583,
    -0.858040259731018,
    -0.38924062073031584,
    93.0,
    -0.29274591701338915,
    -0.1629670504641828,
    -0.8556101527551307,
    -0.39455396973967477,
    94.0,
    -0.29378567960607355,
    -0.16108438789860866,
    -0.8581258969898625,
    -0.3890523606779324,
    95.0,
    -0.29578721063405505,
    -0.15737845252576732,
    -0.8629492010125285,
    -0.37823355903166317,
    96.0,
    -0.29603292796116265,
    -0.15691564067608965,
    -0.8635397898031247,
    -0.3768832958632268,
    97.0,
    -0.30043153876661666,
    -0.14832001248759338,
    -0.8740415078019615,
    -0.3518430147797121,
    98.0,
    -0.3162407407543743,
    -0.11067779906147288,
    -0.9103465085440621,
    -0.24292273064427095,
    99.0,
    -0.3177744137238546,
    -0.10619409951257708,
    -0.9136911400535834,
    -0.23002333750894938,
    100.0,
    -0.3180908054180505,
    -0.10524259735165492,
    -0.9143754518160503,
    -0.22728785345320884,
    101.0,
    -0.3182326281400133,
    -0.10481297236471565,
    -0.9146815328423795,
    -0.22605293337687107,
    102.0,
    -0.31827739391526083,
    -0.10467695692623341,
    -0.9147780595304634,
    -0.2256619972721438,
    103.0,
    -0.3182923059656463,
    -0.10463160493798244,
    -0.9148102045241217,
    -0.2255316494634576,
    104.0,
    -0.3182923059656463,
    -0.10463160493798244,
    -0.9148102045241217,
    -0.2255316494634576,
    105.0,
    -0.3182923059656463,
    -0.10463160493798244,
    -0.9148102045241217,
    -0.2255316494634576,
    106.0,
    -0.3182923059656463,
    -0.10463160493798244,
    -0.9148102045241217,
    -0.2255316494634576,
    107.0,
    -0.3182923059656463,
    -0.10463160493798244,
    -0.9148102045241217,
    -0.2255316494634576,
    108.0,
    -0.3182923059656463,
    -0.10463160493798244,
    -0.9148102045241217,
    -0.2255316494634576,
    109.0,
    -0.3182923059656463,
    -0.10463160493798244,
    -0.9148102045241217,
    -0.2255316494634576,
    110.0,
    -0.3182923059656463,
    -0.10463160493798244,
    -0.9148102045241217,
    -0.2255316494634576,
    111.0,
    -0.3182923059656463,
    -0.10463160493798244,
    -0.9148102045241217,
    -0.2255316494634576,
    112.0,
    -0.3182923059656463,
    -0.10463160493798244,
    -0.9148102045241217,
    -0.2255316494634576,
    113.0,
    -0.32358772072921194,
    -0.08688326763356055,
    -0.925875051489408,
    -0.17463583202789407,
    114.0,
    -0.3330124993191409,
    -0.036882351510710384,
    -0.9416427945761844,
    -0.03242244387786783,
    115.0,
    0.33090716268007625,
    -0.05251645035875579,
    0.91668047953911,
    -0.21780580929048932,
    116.0,
    0.31361949148735563,
    -0.11789910592578581,
    0.8542669018744425,
    -0.39745524998791293,
    117.0,
    0.3102675293554757,
    -0.12645650041506715,
    0.8430447257469846,
    -0.42073555129156204,
    118.0,
    0.31433617119381363,
    -0.11597297896989225,
    0.8566897545440387,
    -0.3922062009802205,
    119.0,
    0.3143445302601971,
    -0.11594922691220537,
    0.8567198259048284,
    -0.392140833088775,
    120.0,
    0.314344040459821,
    -0.11594929555627828,
    0.8567202405749046,
    -0.39214029948052403,
    121.0,
    0.3143435593854816,
    -0.11594936430200761,
    0.8567206491638367,
    -0.3921397721312146,
    122.0,
    0.31434308703717845,
    -0.11594943314942326,
    0.8567210516716464,
    -0.39213925104086766,
    123.0,
    0.3143619667460825,
    -0.11589697695284325,
    0.8567869764843825,
    -0.3919955631425911,
    124.0,
    0.3164221442732879,
    -0.11014664994895189,
    0.8637914207319874,
    -0.376309877080488,
    125.0,
    0.31746217791616016,
    -0.10711078583929481,
    0.8673566898379781,
    -0.3680182301774227,
    126.0,
    0.31746169770531785,
    -0.10711084599139231,
    0.8673570637229975,
    -0.3680177457282267,
    127.0,
    0.31746120004346845,
    -0.10711090642645855,
    0.8673574494137825,
    -0.36801724842442,
    128.0,
    0.3174607198325895,
    -0.10711096657736885,
    0.8673578232978839,
    -0.3680167639744046,
    129.0,
    0.3174645636919327,
    -0.1070982357316967,
    0.8673730182912819,
    -0.36798133898789,
    130.0,
    0.3174758348969507,
    -0.10706342995485671,
    0.8674138062657403,
    -0.36788558672821925,
    131.0,
    0.3174772220056928,
    -0.10705792714867075,
    0.8674206323341153,
    -0.36786989594591973,
    132.0,
    0.31747677857523093,
    -0.1070579812639551,
    0.8674209761066664,
    -0.36786945228346807,
    133.0,
    0.31747654330465847,
    -0.10705800992144573,
    0.8674211584509207,
    -0.3678692170250833,
    134.0,
    0.31736449457695165,
    -0.10738889286881059,
    0.8670374874692872,
    -0.3687728278944542,
    135.0,
    0.31323473797595786,
    -0.11889665192084305,
    0.8530056537478532,
    -0.4001611422431524,
    136.0,
    0.3152804662740292,
    -0.11335953223208693,
    0.859923758223062,
    -0.38507008982999175,
    137.0,
    0.3256860259543298,
    -0.0786158661677622,
    0.8965088539036469,
    -0.28986209299792487,
    138.0,
    0.3287895278428349,
    -0.06441210409617087,
    0.908240593170552,
    -0.2506941406255713,
    139.0,
    0.3257654555949043,
    -0.07828157273706682,
    0.8968065604657822,
    -0.28894092201761445,
    140.0,
    0.31864329432759236,
    -0.10352426586957383,
    0.8714570533182006,
    -0.35820633938860447,
    141.0,
    0.3180491114752346,
    -0.10533411981955697,
    0.8694069771906344,
    -0.363154228811805,
    142.0,
    0.3180486238027296,
    -0.10533418006317928,
    0.8694073510513888,
    -0.3631537433999746,
    143.0,
    0.31804810123193156,
    -0.10533424106797208,
    0.8694077483795407,
    -0.36315323214727746,
    144.0,
    0.31804760575403107,
    -0.10533429872530911,
    0.8694081249371987,
    -0.36315274786150276,
    145.0,
    0.31804710935689473,
    -0.10533435915752545,
    0.8694085046634922,
    -0.36315225598829404,
    146.0,
    0.3180465945913835,
    -0.10533442274543126,
    0.869408899292293,
    -0.3631517436073717,
    147.0,
    0.318046080745066,
    -0.10533448355719889,
    0.8694092907514894,
    -0.36315123881302314,
    148.0,
    0.31804558434786473,
    -0.10533454398753,
    0.8694096704763272,
    -0.36315074693852456,
    149.0,
    0.3180450975944292,
    -0.10533460145139806,
    0.8694100411646868,
    -0.36315026911079473,
    150.0,
    0.3180446011971862,
    -0.10533466188051528,
    0.8694104208885881,
    -0.36314977723546593,
    151.0,
    0.3180440951561335,
    -0.10533472527483945,
    0.8694108096479962,
    -0.3631492713125086,
    152.0,
    0.31770350485612003,
    -0.10635609890213918,
    0.8682399430258456,
    -0.3659402472575712,
    153.0,
    0.31623722969095425,
    -0.11063844194423886,
    0.8632174650875407,
    -0.3776357473669333,
    154.0,
    0.3158813578912314,
    -0.11164916941901692,
    0.8620058714838299,
    -0.38039362275442823,
    155.0,
    0.3168588326704221,
    -0.1088428107500962,
    0.8653466127028763,
    -0.37273175688477944,
    156.0,
    0.31780746507222774,
    -0.10603953935979613,
    0.8686058912848659,
    -0.3650723720879888,
    157.0,
    0.31780089812406603,
    -0.10605776437965062,
    0.8685854092187825,
    -0.3651215231379379,
    158.0,
    0.31780041904054657,
    -0.10605782333443259,
    0.8685857782928874,
    -0.36512104501733966,
    159.0,
    0.3174895270565794,
    -0.10698353350688264,
    0.8675184734896474,
    -0.3676501352127634,
    160.0,
    0.3157906352170232,
    -0.11189807929018888,
    0.8617083643655771,
    -0.38106927105553584,
    161.0,
    0.2821986782421611,
    -0.1805792070091357,
    0.7528764151733922,
    -0.5665087461548949,
    162.0,
    0.20052912974477308,
    -0.2683899829019795,
    0.5051483093866321,
    -0.795349024470079,
    163.0,
    0.14912350195736668,
    -0.30001246269771414,
    0.35425868355015394,
    -0.8730724417362719,
    164.0,
    0.14615209680094143,
    -0.30147145389406,
    0.3456159612777745,
    -0.8765295969890178,
    165.0,
    0.14741398267506417,
    -0.3008567032787104,
    0.34928608819415097,
    -0.8750734771424452,
    166.0,
    0.14741394978592523,
    -0.3008570215507631,
    0.3492864953416647,
    -0.8750732107452802,
    167.0,
    0.1475645940830326,
    -0.30078342766067406,
    0.3497251571639325,
    -0.874897899565697,
    168.0,
    0.14780509646646633,
    -0.3006656016807892,
    0.3504252484652973,
    -0.8746176276879527,
    169.0,
    0.14795815434381654,
    -0.30059061354455463,
    0.35087101059492887,
    -0.8744387923326441,
    170.0,
    0.14795812062074992,
    -0.3005908959115779,
    0.35087138345927354,
    -0.8744385513612868,
    171.0,
    0.14795808427429136,
    -0.30059117956979287,
    0.35087176395436176,
    -0.8744383073277822,
    172.0,
    0.14795804671328458,
    -0.3005915004833138,
    0.3508721858796539,
    -0.8744380340687457,
    173.0,
    0.14795801399746122,
    -0.30059179151861554,
    0.35087256528559724,
    -0.874437787321351,
    174.0,
    0.13971247573867634,
    -0.30451211307327103,
    0.32691579541008536,
    -0.8836735029557083,
    175.0,
    0.07909376536746811,
    -0.3255635361544983,
    0.1524443231797397,
    -0.9297920673660567,
    176.0,
    -0.040139199567486725,
    -0.3326206454991751,
    -0.18341211656595557,
    -0.9241819876748246,
    177.0,
    -0.10394936440286973,
    -0.3185001822878513,
    -0.359340591230531,
    -0.8709916779263378,
    178.0,
    -0.109319356295111,
    -0.3166975192008568,
    -0.37401545179608964,
    -0.8647915364346558,
    179.0,
    -0.10931931493571637,
    -0.3166978205237055,
    -0.37401576819269217,
    -0.864791294475581,
    180.0,
    -0.1093192732527158,
    -0.31669815675163443,
    -0.37401611013363567,
    -0.8647910287266627,
    181.0,
    -0.10979645080003748,
    -0.3165333445612513,
    -0.3753194688979659,
    -0.8642260569079897,
    182.0,
    -0.11112858713221947,
    -0.3160684242099967,
    -0.37895636109187747,
    -0.8626373888995358,
    183.0,
    -0.1123430333342726,
    -0.3156390919010492,
    -0.382270807620691,
    -0.8611736388012352
   ]
  }
 },
 {
  "id": "motorcycle0",
  "name": "motorcycle0",
  "description": "1",
  "model": {
   "gltf": "./3Dmodels/motorbikes/moto1.glb"
  },
  "position": {
   "epoch": "2023-09-06T15:49:29Z",
   "cartographicDegrees": [
    0.0,
    4.3449,
    50.848551,
    0,
    1.0,
    4.344862,
    50.848564,
    0,
    2.0,
    4.344818,
    50.848588,
    0,
    3.0,
    4.344766,
    50.848619,
    0,
    4.0,
    4.344717,
    50.848648,
    0,
    5.0,
    4.344672,
    50.848675,
    0,
    6.0,
    4.344615,
    50.84871,
    0,
    7.0,
    4.344567,
    50.848739,
    0,
    8.0,
    4.344524,
    50.848765,
    0,
    9.0,
    4.344473,
    50.848796,
    0,
    10.0,
    4.344438,
    50.848816,
    0,
    11.0,
    4.344399,
    50.84884,
    0,
    12.0,
    4.344352,