[
 {
  "id": "document",
  "version": "1.0",
  "name": "SUMOTrafficSimulationOutput",
  "clock": {
   "interval": "2023-09-06T15:48:01Z/2023-09-06T17:28:17Z",
   "currentTime": "2023-09-06T20:06:31Z",
   "multiplier": 1
  }
 },
 {
  "id": "bike0",
  "name": "bike0",
  "description": "1",
  "model": {
   "gltf": "./3Dmodels/bicycles/1.glb"
  },
  "position": {
   "epoch": "2023-09-06T15:48:01Z",
   "cartographicDegrees": [
    0.0,
    4.346054,
    50.854148,
    0,
    1.0,
    4.346051,
    50.854141,
    0,
    2.0,
    4.346046,
    50.854126,
    0,
    3.0,
    4.346039,
    50.854101,
    0,
    4.0,
    4.346035,
    50.854069,
    0,
    5.0,
    4.34603,
    50.85403,
    0,
    6.0,
    4.346025,
    50.853985,
    0,
    7.0,
    4.34602,
    50.853945,
    0,
    8.0,
    4.346031,
    50.853897,
    0,
    9.0,
    4.346027,
    50.853849,
    0,
    10.0,
    4.346028,
    50.853803,
    0,
    11.0,
    4.346037,
    50.853754,
    0,
    12.0,
    4.346094,
    50.85373,
    0,
    13.0,
    4.346165,
    50.853728,
    0,
    14.0,
    4.346236,
    50.853711,
    0,
    15.0,
    4.346306,
    50.85369,
    0,
    16.0,
    4.346374,
    50.85367,
    0,
    17.0,
    4.346446,
    50.853655,
    0,
    18.0,
    4.346506,
    50.85365,
    0,
    19.0,
    4.346577,
    50.853655,
    0,
    20.0,
    4.346633,
    50.853686,
    0,
    21.0,
    4.346693,
    50.853716,
    0,
    22.0,
    4.346758,
    50.853734,
    0,
    23.0,
    4.34683,
    50.853755,
    0,
    24.0,
    4.3469,
    50.853774,
    0,
    25.0,
    4.346969,
    50.853797,
    0,
    26.0,
    4.346969,
    50.853841,
    0,
    27.0,
    4.346942,
    50.853882,
    0,
    28.0,
    4.346914,
    50.853925,
    0,
    29.0,
    4.346886,
    50.853971,
    0,
    30.0,
    4.346859,
    50.854014,
    0,
    31.0,
    4.346834,
    50.854057,
    0,
    32.0,
    4.346845,
    50.854105,
    0,
    33.0,
    4.346863,
    50.85415,
    0,
    34.0,
    4.346883,
    50.854198,
    0,
    35.0,
    4.346901,
    50.854241,
    0,
    36.0,
    4.346919,
    50.854284,
    0,
    37.0,
    4.346936,
    50.854328,
    0,
    38.0,
    4.346955,
    50.854373,
    0,
    39.0,
    4.346976,
    50.854421,
    0,
    40.0,
    4.346995,
    50.854468,
    0,
    41.0,
    4.347015,
    50.854515,
    0,
    42.0,
    4.347036,
    50.854562,
    0,
    43.0,
    4.347068,
    50.854606,
    0,
    44.0,
    4.347131,
    50.854628,
    0,
    45.0,
    4.347202,
    50.854636,
    0,
    46.0,
    4.347274,
    50.854642,
    0,
    47.0,
    4.347348,
    50.854647,
    0,
    48.0,
    4.347419,
    50.854653,
    0,
    49.0,
    4.347494,
    50.854659,
    0,
    50.0,
    4.347569,
    50.854665,
    0,
    51.0,
    4.34764,
    50.85467,
    0,
    52.0,
    4.347714,
    50.854676,
    0,
    53.0,
    4.34779,
    50.854682,
    0,
    54.0,
    4.34786,
    50.854688,
    0,
    55.0,
    4.347938,
    50.854695,
    0,
    56.0,
    4.348013,
    50.854702,
    0,
    57.0,
    4.34809,
    50.854708,
    0,
    58.0,
    4.348165,
    50.854715,
    0,
    59.0,
    4.348239,
    50.854721,
    0,
    60.0,
    4.348309,
    50.854727,
    0,
    61.0,
    4.348387,
    50.854734,
    0,
    62.0,
    4.348459,
    50.85474,
    0,
    63.0,
    4.348521,
    50.854745,
    0,
    64.0,
    4.348595,
    50.854745,
    0,
    65.0,
    4.348634,
    50.854708,
    0,
    66.0,
    4.348635,
    50.854663,
    0,
    67.0,
    4.348624,
    50.854616,
    0,
    68.0,
    4.348614,
    50.85457,
    0,
    69.0,
    4.348604,
    50.854522,
    0,
    70.0,
    4.348593,
    50.854474,
    0,
    71.0,
    4.348583,
    50.854428,
    0,
    72.0,
    4.348572,
    50.854378,
    0,
    73.0,
    4.348563,
    50.854334,
    0,
    74.0,
    4.348552,
    50.854286,
    0,
    75.0,
    4.348542,
    50.85424,
    0,
    76.0,
    4.348531,
    50.854191,
    0,
    77.0,
    4.348521,
    50.854145,
    0,
    78.0,
    4.348511,
    50.854098,
    0,
    79.0,
    4.348501,
    50.854053,
    0,
    80.0,
    4.348492,
    50.854009,
    0,
    81.0,
    4.348482,
    50.853964,
    0,
    82.0,
    4.348472,
    50.853919,
    0,
    83.0,
    4.348462,
    50.853871,
    0,
    84.0,
    4.348451,
    50.853822,
    0,
    85.0,
    4.34844,
    50.853774,
    0,
    86.0,
    4.34843,
    50.853729,
    0,
    87.0,
    4.34842,
    50.853681,
    0,
    88.0,
    4.34841,
    50.853636,
    0,
    89.0,
    4.348403,
    50.853589,
    0,
    90.0,
    4.348431,
    50.853549,
    0,
    91.0,
    4.348497,
    50.853535,
    0,
    92.0,
    4.348567,
    50.853529,
    0,
    93.0,
    4.348645,
    50.853522,
    0,
    94.0,
    4.348719,
    50.853516,
    0,
    95.0,
    4.348791,
    50.85351,
    0,
    96.0,
    4.348864,
    50.853503,
    0,
    97.0,
    4.348937,
    50.853497,
    0,
    98.0,
    4.34901,
    50.853491,
    0,
    99.0,
    4.34908,
    50.853485,
    0,
    100.0,
    4.349154,
    50.853478,
    0,
    101.0,
    4.349229,
    50.853472,
    0,
    102.0,
    4.3493,
    50.853466,
    0,
    103.0,
    4.349374,
    50.853459,
    0,
    104.0,
    4.349448,
    50.853444,
    0,
    105.0,
    4.349518,
    50.853433,
    0,
    106.0,
    4.349592,
    50.853427,
    0,
    107.0,
    4.349669,
    50.85342,
    0,
    108.0,
    4.349744,
    50.853414,
    0,
    109.0,
    4.349818,
    50.853407,
    0,
    110.0,
    4.349889,
    50.853401,
    0,
    111.0,
    4.349963,
    50.853395,
    0,
    112.0,
    4.350033,
    50.853389,
    0,
    113.0,
    4.350111,
    50.853382,
    0,
    114.0,
    4.350189,
    50.853376,
    0,
    115.0,
    4.350261,
    50.85337,
    0,
    116.0,
    4.350334,
    50.853364,
    0,
    117.0,
    4.350408,
    50.853358,
    0,
    118.0,
    4.350482,
    50.853352,
    0,
    119.0,
    4.35056,
    50.853346,
    0,
    120.0,
    4.350632,
    50.85334,
    0,
    121.0,
    4.350696,
    50.853335,
    0,
    122.0,
    4.350768,
    50.85333,
    0,
    123.0,
    4.350845,
    50.853329,
    0,
    124.0,
    4.350917,
    50.853328,
    0,
    125.0,
    4.350987,
    50.853322,
    0,
    126.0,
    4.351063,
    50.853316,
    0,
    127.0,
    4.351139,
    50.853309,
    0,
    128.0,
    4.351214,
    50.853303,
    0,
    129.0,
    4.35129,
    50.853296,
    0,
    130.0,
    4.351361,
    50.85329,
    0,
    131.0,
    4.351429,
    50.853284,
    0,
    132.0,
    4.35149,
    50.853267,
    0,
    133.0,
    4.351483,
    50.853222,
    0,
    134.0,
    4.351461,
    50.853175,
    0,
    135.0,
    4.351441,
    50.853132,
    0,
    136.0,
    4.35142,
    50.853086,
    0,
    137.0,
    4.351399,
    50.853041,
    0,
    138.0,
    4.351403,
    50.852996,
    0,
    139.0,
    4.351447,
    50.852956,
    0,
    140.0,
    4.351508,
    50.852928,
    0,
    141.0,
    4.351575,
    50.852903,
    0,
    142.0,
    4.351642,
    50.852879,
    0,
    143.0,
    4.35171,
    50.852855,
    0,
    144.0,
    4.351774,
    50.852832,
    0,
    145.0,
    4.351838,
    50.852809,
    0,
    146.0,
    4.351905,
    50.852785,
    0,
    147.0,
    4.351969,
    50.852762,
    0,
    148.0,
    4.352033,
    50.852738,
    0,
    149.0,
    4.352098,
    50.852715,
    0,
    150.0,
    4.352166,
    50.852691,
    0,
    151.0,
    4.352216,
    50.852673,
    0,
    152.0,
    4.352229,
    50.852668,
    0,
    153.0,
    4.352254,
    50.852662,
    0,
    154.0,
    4.352275,
    50.852659,
    0,
    155.0,
    4.352309,
    50.852665,
    0,
    156.0,
    4.352348,
    50.852683,
    0,
    157.0,
    4.352388,
    50.852713,
    0,
    158.0,
    4.352431,
    50.85275,
    0,
    159.0,
    4.352474,
    50.852786,
    0,
    160.0,
    4.352518,
    50.852823,
    0,
    161.0,
    4.352564,
    50.852862,
    0,
    162.0,
    4.352608,
    50.8529,
    0,
    163.0,
    4.352654,
    50.852939,
    0,
    164.0,
    4.352699,
    50.852978,
    0,
    165.0,
    4.352744,
    50.853015,
    0,
    166.0,
    4.352805,
    50.853038,
    0,
    167.0,
    4.352876,
    50.85302,
    0,
    168.0,
    4.352938,
    50.852997,
    0,
    169.0,
    4.353004,
    50.852972,
    0,
    170.0,
    4.353067,
    50.852948,
    0,
    171.0,
    4.353128,
    50.852925,
    0,
    172.0,
    4.35319,
    50.852901,
    0,
    173.0,
    4.353251,
    50.852878,
    0,
    174.0,
    4.353313,
    50.852855,
    0,
    175.0,
    4.353361,
    50.852838,
    0,
    176.0,
    4.35341,
    50.852805,
    0,
    177.0,
    4.353458,
    50.852771,
    0,
    178.0,
    4.353519,
    50.852744,
    0,
    179.0,
    4.353582,
    50.852721,
    0,
    180.0,
    4.353649,
    50.852696,
    0,
    181.0,
    4.353712,
    50.852673,
    0,
    182.0,
    4.353776,
    50.852649,
    0,
    183.0,
    4.35384,
    50.852625,
    0,
    184.0,
    4.353905,
    50.852601,
    0,
    185.0,
    4.353968,
    50.852578,
    0,
    186.0,
    4.354035,
    50.852553,
    0,
    187.0,
    4.354105,
    50.852532,
    0,
    188.0,
    4.354175,
    50.852515,
    0,
    189.0,
    4.354246,
    50.852502,
    0,
    190.0,
    4.354316,
    50.852489,
    0,
    191.0,
    4.354388,
    50.852477,
    0,
    192.0,
    4.354458,
    50.852462,
    0,
    193.0,
    4.354496,
    50.852455,
    0,
    194.0,
    4.354526,
    50.852443,
    0,
    195.0,
    4.35456,
    50.85243,
    0,
    196.0,
    4.354592,
    50.852418,
    0,
    197.0,
    4.354627,
    50.852405,
    0,
    198.0,
    4.354661,
    50.852391,
    0,
    199.0,
    4.354697,
    50.852378,
    0,
    200.0,
    4.354726,
    50.852366,
    0,
    201.0,
    4.354759,
    50.852354,
    0,
    202.0,
    4.354793,
    50.852342,
    0,
    203.0,
    4.354825,
    50.85233,
    0,
    204.0,
    4.354858,
    50.852319,
    0,
    205.0,
    4.354875,
    50.85234,
    0,
    206.0,
    4.354894,
    50.852362,
    0,
    207.0,
    4.354912,
    50.852383,
    0,
    208.0,
    4.35493,
    50.852404,
    0,
    209.0,
    4.354948,
    50.852424,
    0,
    210.0,
    4.354968,
    50.852447,
    0,
    211.0,
    4.354988,
    50.852469,
    0,
    212.0,
    4.355008,
    50.852492,
    0,
    213.0,
    4.355026,
    50.852513,
    0,
    214.0,
    4.355043,
    50.852531,
    0,
    215.0,
    4.355061,
    50.852551,
    0,
    216.0,
    4.355079,
    50.852573,
    0,
    217.0,
    4.355097,
    50.852592,
    0,
    218.0,
    4.355115,
    50.852614,
    0,
    219.0,
    4.355135,
    50.852636,
    0,
    220.0,
    4.355154,
    50.852658,
    0,
    221.0,
    4.355174,
    50.852681,
    0,
    222.0,
    4.355192,
    50.852701,
    0,
    223.0,
    4.35521,
    50.852721,
    0,
    224.0,
    4.355226,
    50.85274,
    0,
    225.0,
    4.355246,
    50.852763,
    0,
    226.0,
    4.355264,
    50.852782,
    0,
    227.0,
    4.355282,
    50.852801,
    0,
    228.0,
    4.355303,
    50.85282,
    0,
    229.0,
    4.355331,
    50.852839,
    0,
    230.0,
    4.355363,
    50.852844,
    0,
    231.0,
    4.355397,
    50.852832,
    0,
    232.0,
    4.355428,
    50.852822,
    0,
    233.0,
    4.355463,
    50.85281,
    0,
    234.0,
    4.355497,
    50.852799,
    0,
    235.0,
    4.355528,
    50.852788,
    0,
    236.0,
    4.35556,
    50.852777,
    0,
    237.0,
    4.355593,
    50.852766,
    0,
    238.0,
    4.355627,
    50.852754,
    0,
    239.0,
    4.355647,
    50.852737,
    0,
    240.0,
    4.355621,
    50.852734,
    0,
    241.0,
    4.355584,
    50.852745,
    0,
    242.0,
    4.355555,
    50.852755,
    0,
    243.0,
    4.355522,
    50.852767,
    0,
    244.0,
    4.355488,
    50.852778,
    0,
    245.0,
    4.355457,
    50.852789,
    0,
    246.0,
    4.355423,
    50.852801,
    0,
    247.0,
    4.355391,
    50.852812,
    0,
    248.0,
    4.355361,
    50.852822,
    0,
    249.0,
    4.355331,
    50.852827,
    0,
    250.0,
    4.355313,
    50.852806,
    0,
    251.0,
    4.355296,
    50.852785,
    0,
    252.0,
    4.355277,
    50.852764,
    0,
    253.0,
    4.35528,
    50.852745,
    0,
    254.0,
    4.355282,
    50.852728,
    0,
    255.0,
    4.355265,
    50.85271,
    0,
    256.0,
    4.355247,
    50.85269,
    0,
    257.0,
    4.355231,
    50.852671,
    0,
    258.0,
    4.355211,
    50.852649,
    0,
    259.0,
    4.355192,
    50.852628,
    0,
    260.0,
    4.355172,
    50.852606,
    0,
    261.0,
    4.355154,
    50.852585,
    0,
    262.0,
    4.355136,
    50.852565,
    0,
    263.0,
    4.355119,
    50.852546,
    0,
    264.0,
    4.355099,
    50.852523,
    0,
    265.0,
    4.355082,
    50.852504,
    0,
    266.0,
    4.355063,
    50.852482,
    0,
    267.0,
    4.355046,
    50.852462,
    0,
    268.0,
    4.355027,
    50.852441,
    0,
    269.0,
    4.355008,
    50.852419,
    0,
    270.0,
    4.354991,
    50.8524,
    0,
    271.0,
    4.354973,
    50.852379,
    0,
    272.0,
    4.354955,
    50.852359,
    0,
    273.0,
    4.354937,
    50.852338,
    0,
    274.0,
    4.354917,
    50.852316,
    0,
    275.0,
    4.354909,
    50.852297,
    0,
    276.0,
    4.354938,
    50.852286,
    0,
    277.0,
    4.35497,
    50.852273,
    0,
    278.0,
    4.355005,
    50.85226,
    0,
    279.0,
    4.355034,
    50.852249,
    0,
    280.0,
    4.355067,
    50.852236,
    0,
    281.0,
    4.355097,
    50.852225,
    0,
    282.0,
    4.355131,
    50.852211,
    0,
    283.0,
    4.355162,
    50.852199,
    0
   ]
  },
  "orientation": {
   "epoch": "2023-09-06T15:48:01Z",
   "unitQuaternion": [
    0.0,
    0.04776623794565648,
    -0.33158356737453243,
    0.06328590909487,
    -0.9400880905903092,
    1.0,
    0.047407526007447,
    -0.33163510170347804,
    0.0622689750802155,
    -0.9401559767072889,
    2.0,
    0.0473759719098156,
    -0.33163973544523784,
    0.062179552055018884,
    -0.94016185120736,
    3.0,
    0.03244374934285806,
    -0.33343205859189756,
    0.019921095360059496,
    -0.9420051036971099,
    4.0,
    0.02312106411457856,
    -0.33420820943534923,
    -0.006389169788295328,
    -0.9421939649826058,
    5.0,
    0.02245657323994609,
    -0.33425383772448314,
    -0.008262326815314407,
    -0.9421792866755089,
    6.0,
    0.02245658345807173,
    -0.33425420787924076,
    -0.00826228455136329,
    -0.9421791554839261,
    7.0,
    0.022456590920308363,
    -0.3342545370145226,
    -0.008262242415602417,
    -0.9421790389091188,
    8.0,
    0.018440031803073707,
    -0.334500558528482,
    -0.019578983667768057,
    -0.9420116798478523,
    9.0,
    0.018440041851026087,
    -0.33450095324793794,
    -0.01957894786938111,
    -0.942011540233495,
    10.0,
    0.0056490381377786785,
    -0.33496158683621,
    -0.05554842441470715,
    -0.940575991750443,
    11.0,
    -0.023517301337805087,
    -0.33418315752542754,
    -0.13717705921992,
    -0.9321754170690711,
    12.0,
    -0.22679712673215674,
    -0.24656569461611685,
    -0.6885838774036964,
    -0.6431334739571567,
    13.0,
    -0.21506425850191274,
    -0.2568636879530011,
    -0.6578757397084726,
    -0.6745130996720787,
    14.0,
    -0.17101241970636985,
    -0.28807366321059374,
    -0.5409889967438457,
    -0.7714267445925692,
    15.0,
    -0.17101233187476797,
    -0.2880739161541984,
    -0.5409894327311708,
    -0.7714263638556462,
    16.0,
    -0.17488151493468188,
    -0.2857417798274682,
    -0.5513437193474302,
    -0.7640603340910475,
    17.0,
    -0.20120595096155924,
    -0.26785846437973887,
    -0.6213569683496076,
    -0.7082962136289923,
    18.0,
    -0.21273646980234145,
    -0.2587956985810625,
    -0.651762091463122,
    -0.6804220432522703,
    19.0,
    -0.27551626532529166,
    -0.19058535931025952,
    -0.813283400811742,
    -0.47575005866722725,
    20.0,
    -0.2911984042627344,
    -0.16563607763143443,
    -0.8519454582008507,
    -0.40243895859204915,
    21.0,
    -0.2757397925149692,
    -0.190260932425526,
    -0.8138434411663346,
    -0.47479174138448343,
    22.0,
    -0.27573956277487877,
    -0.1902610047792298,
    -0.813843755936914,
    -0.47479130626372396,
    23.0,
    -0.27573930110941425,
    -0.19026107996755567,
    -0.8138441072861679,
    -0.47479082584739535,
    24.0,
    -0.2757390562999572,
    -0.19026115968249666,
    -0.8138444452980553,
    -0.474790356688698,
    25.0,
    -0.2910283191232437,
    -0.1659328985188751,
    -0.8515367190187417,
    -0.4033038641275591,
    26.0,
    0.33154774070816384,
    -0.048031891193931205,
    0.9195586685076531,
    -0.2053798632584963,
    27.0,
    0.3301082194913999,
    -0.057090318706229826,
    0.9135917449695228,
    -0.2304764249501049,
    28.0,
    0.33073058134953975,
    -0.05336465809226889,
    0.9161325276256073,
    -0.22016059514183456,
    29.0,
    0.3308149371662594,
    -0.052836806309511,
    0.9164828942752383,
    -0.21869808812053484,
    30.0,
    0.3308145755796463,
    -0.05283682849266922,
    0.916483068081738,
    -0.21869790135796788,
    31.0,
    0.3327290028477037,
    -0.03900240547833868,
    0.9248022478922227,
    -0.18030813992820213,
    32.0,
    -0.33095540623700814,
    -0.051942579973642246,
    -0.939216490183881,
    -0.07511905240916206,
    33.0,
    -0.3309550325452128,
    -0.051942574590545916,
    -0.9392166331215399,
    -0.0751189153658484,
    34.0,
    -0.3309546335779582,
    -0.0519425711589389,
    -0.9392167861126224,
    -0.07511876262928349,
    35.0,
    -0.33095427613197903,
    -0.051942568325343025,
    -0.9392169232216006,
    -0.07511862511970499,
    36.0,
    -0.3309539186859625,
    -0.05194256549162884,
    -0.9392170603304265,
    -0.07511848761007471,
    37.0,
    -0.3309281264918178,
    -0.052104309806108334,
    -0.9391803725157665,
    -0.07557740321941854,
    38.0,
    -0.33076708445322106,
    -0.053114705473461775,
    -0.9389453262453161,
    -0.07844512876437959,
    39.0,
    -0.33076668503689916,
    -0.0531147035142501,
    -0.9389454804602253,
    -0.07844496837663256,
    40.0,
    -0.3307662946659452,
    -0.0531146970855805,
    -0.9389456303925124,
    -0.07844482413311632,
    41.0,
    -0.33076590383143367,
    -0.053114693543251004,
    -0.9389457810091786,
    -0.07844467169569161,
    42.0,
    -0.3303268139803456,
    -0.05577804987233458,
    -0.9382834015508794,
    -0.08600734557085718,
    43.0,
    -0.32031877491986865,
    -0.09809503003493404,
    -0.9192387034550334,
    -0.206817440237977,
    44.0,
    -0.25775504348569567,
    -0.21398357143100902,
    -0.7684872014367184,
    -0.5451612513222835,
    45.0,
    -0.2511107979139819,
    -0.22174299173440154,
    -0.7515086675170084,
    -0.5683380467947674,
    46.0,
    -0.2443400322550093,
    -0.22918224799419606,
    -0.7341070725170319,
    -0.5906439298955176,
    47.0,
    -0.2443398542697641,
    -0.2291823776564487,
    -0.7341074653267752,
    -0.5906434649927697,
    48.0,
    -0.2443396762872889,
    -0.22918249529664336,
    -0.734107844950963,
    -0.5906430211412641,
    49.0,
    -0.24433949030477844,
    -0.22918262146576213,
    -0.7341082451921959,
    -0.5906425516643017,
    50.0,
    -0.24433930432220693,
    -0.229182747634735,
    -0.7341086454331264,
    -0.5906420821870666,
    51.0,
    -0.244339132336703,
    -0.22918287089965497,
    -0.7341090227787319,
    -0.5906416365021979,
    52.0,
    -0.24495624440787797,
    -0.22852309549847583,
    -0.7356999085418545,
    -0.5886588806098906,
    53.0,
    -0.24587011122697994,
    -0.22753949591578818,
    -0.7380540060005988,
    -0.585704661437904,
    54.0,
    -0.24586993602268858,
    -0.22753961260040573,
    -0.7380543775269668,
    -0.585704221489941,
    55.0,
    -0.24586973889836622,
    -0.22753974086502884,
    -0.7380547922328888,
    -0.5857037318330763,
    56.0,
    -0.2458695477309618,
    -0.22753986269263843,
    -0.7380551916048081,
    -0.5857032614981563,
    57.0,
    -0.24586935862688264,
    -0.22753999439614414,
    -0.7380555989088834,
    -0.585702776464187,
    58.0,
    -0.24586916745936255,
    -0.2275401162234473,
    -0.7380559982801892,
    -0.5857023061287135,
    59.0,
    -0.24586898431214554,
    -0.22754024148981314,
    -0.7380563902499946,
    -0.585701840416452,
    60.0,
    -0.24586880910752576,
    -0.2275403581735964,
    -0.738056761774669,
    -0.5857014004669683,
    61.0,
    -0.2458686119828439,
    -0.22754048643728222,
    -0.7380571764787052,
    -0.5857009108084057,
    62.0,
    -0.2458684328067835,
    -0.2275406074120036,
    -0.7380575582252232,
    -0.5857004579768862,
    63.0,
    -0.24550487944331278,
    -0.2279327552078686,
    -0.7371223444485723,
    -0.5868770421370348,
    64.0,
    -0.2100511174058699,
    -0.26096841725325903,
    -0.6447389711175995,
    -0.6870849091597729,
    65.0,
    -0.019553448809266565,
    -0.33443064034423536,
    -0.1261591738286034,
    -0.933733191172667,
    66.0,
    0.02819550328101547,
    -0.33381349892249734,
    0.007883279761196127,
    -0.9421843850500053,
    67.0,
    0.032614725418249356,
    -0.3334111232084701,
    0.020362840253347822,
    -0.9419971641908352,
    68.0,
    0.03261473314583432,
    -0.3334115024880921,
    0.02036291955179355,
    -0.9419970279665356,
    69.0,
    0.032614742474354745,
    -0.33341189813433275,
    0.02036299872385016,
    -0.9419968858965327,
    70.0,
    0.03261474889322951,
    -0.33341229406513645,
    0.020363086116350904,
    -0.9419967436486565,
    71.0,
    0.03261475662059424,
    -0.3334126733446047,
    0.02036316541471344,
    -0.9419966074238677,
    72.0,
    0.03261476464031278,
    -0.33341308564196365,
    0.020363252680790436,
    -0.9419964593300867,
    73.0,
    0.032614773676109966,
    -0.333413448270051,
    0.020363323884992887,
    -0.941996329128243,
    74.0,
    0.032614780094672974,
    -0.3334138442006423,
    0.02036341127737601,
    -0.9419961868796892,
    75.0,
    0.032614787821746274,
    -0.33341422347990696,
    0.020363490575628418,
    -0.9419960506542526,
    76.0,
    0.032614795040648965,
    -0.33341462759371826,
    0.0203635779047686,
    -0.9419959054825636,
    77.0,
    0.03261480276757405,
    -0.3334150068728799,
    0.02036365720296506,
    -0.9419957692567997,
    78.0,
    0.03261481129492358,
    -0.3334153943353158,
    0.020363736437950475,
    -0.9419956301080744,
    79.0,
    0.03261481822121061,
    -0.3334157654310537,
    0.02036381579927727,
    -0.9419954968047963,
    80.0,
    0.03261482725653872,
    -0.333416128058804,
    0.02036388700330225,
    -0.9419953666018841,
    81.0,
    0.032614834182690726,
    -0.33341649915444765,
    0.02036396636457804,
    -0.941995233298306,
    82.0,
    0.03261484110877318,
    -0.33341687025004346,
    0.020364045725827562,
    -0.9419950999945761,
    83.0,
    0.03261485043626082,
    -0.3334172658955477,
    0.020364124897493605,
    -0.9419949579222372,
    84.0,
    0.032614857654546615,
    -0.3334176700089334,
    0.020364212226400877,
    -0.9419948127491923,
    85.0,
    0.0326148640722594,
    -0.33341806593894624,
    0.020364299618463193,
    -0.9419946704987932,
    86.0,
    0.032614870998048925,
    -0.33341843703434093,
    0.020364378979602152,
    -0.9419945371944218,
    87.0,
    0.03261488032523323,
    -0.33341883267963035,
    0.0203644581511535,
    -0.9419943951214006,
    88.0,
    0.03261488725088116,
    -0.3334192037749263,
    0.020364537512238975,
    -0.9419942618167156,
    89.0,
    0.013154119782194289,
    -0.3347526316249692,
    -0.034495336429497564,
    -0.9415825595865343,
    90.0,
    -0.12109135937255258,
    -0.31236110241070664,
    -0.4061973055297936,
    -0.8501594987803233,
    91.0,
    -0.20862008771278542,
    -0.2621265185841986,
    -0.6409500322394914,
    -0.6906159594375386,
    92.0,
    -0.2129969434803947,
    -0.2585826519034563,
    -0.6524694221725951,
    -0.6797433098842133,
    93.0,
    -0.21299680406258542,
    -0.25858284131158366,
    -0.6524698706875316,
    -0.6797428509983381,
    94.0,
    -0.21299666844317547,
    -0.25858301693811253,
    -0.6524702974991599,
    -0.6797424169967986,
    95.0,
    -0.21299653733675505,
    -0.25858318884708253,
    -0.6524707124467625,
    -0.6797419943827517,
    96.0,
    -0.21299640920131946,
    -0.2585833689612811,
    -0.6524711313014476,
    -0.6797415639654436,
    97.0,
    -0.21299627583806127,
    -0.25858354272886946,
    -0.6524715521803546,
    -0.6797411356569957,
    98.0,
    -0.21299614247466753,
    -0.25858371649639217,
    -0.652471973058979,
    -0.6797407073482856,
    99.0,
    -0.21299601588084854,
    -0.2585838846876266,
    -0.6524723761417615,
    -0.6797402961210004,
    100.0,
    -0.2129958854882832,
    -0.2585840666603216,
    -0.6524728009271684,
    -0.6797398600087599,
    101.0,
    -0.21299574761133527,
    -0.25858424414512987,
    -0.6524732336686414,
    -0.6797394203114652,
    102.0,
    -0.21274424638982037,
    -0.258791264349753,
    -0.6518128182203448,
    -0.6803727045729681,
    103.0,
    -0.21227258832594637,
    -0.2591783549708662,
    -0.650573426919581,
    -0.6815578807013469,
    104.0,
    -0.17734443434863434,
    -0.2842219303349696,
    -0.557964041672123,
    -0.7592384171807536,
    105.0,
    -0.2095476254150107,
    -0.2613867008127113,
    -0.6434038924389008,
    -0.6883300200598896,
    106.0,
    -0.21303711076715395,
    -0.258550647204626,
    -0.6525855598919403,
    -0.6796313995737506,
    107.0,
    -0.21303697363420904,
    -0.2585508347753724,
    -0.6525860023972404,
    -0.6796309463060993,
    108.0,
    -0.21303683578501176,
    -0.258551012282118,
    -0.6525864350653027,
    -0.679630506536722,
    109.0,
    -0.21303670542061567,
    -0.25855119427543866,
    -0.6525868597773056,
    -0.6796300703531811,
    110.0,
    -0.21303657659627756,
    -0.2585513643456687,
    -0.6525872687212241,
    -0.6796296533628476,
    111.0,
    -0.21303644100294655,
    -0.2585515399931188,
    -0.6525876954575266,
    -0.6796292192875608,
    112.0,
    -0.21327052227011362,
    -0.2583585520430847,
    -0.6532036989736116,
    -0.679037164346713,
    113.0,
    -0.21330681986196853,
    -0.25832865936223265,
    -0.6532999118701791,
    -0.6789445702727885,
    114.0,
    -0.21384805327468695,
    -0.2578808616654245,
    -0.6547230161088726,
    -0.6775723160479815,
    115.0,
    -0.21384792273469758,
    -0.25788103400578827,
    -0.6547234296509742,
    -0.6775718920588621,
    116.0,
    -0.21384778994413745,
    -0.2578812082122632,
    -0.6547238491057259,
    -0.6775714623559452,
    117.0,
    -0.21384765490300192,
    -0.2578813842848457,
    -0.6547242744731169,
    -0.6775710269392201,
    118.0,
    -0.21384751986172762,
    -0.25788156035736065,
    -0.6547246998402165,
    -0.6775705915222261,
    119.0,
    -0.21384737581854352,
    -0.2578817438944897,
    -0.654725148858685,
    -0.6775701332507448,
    120.0,
    -0.21384724527787405,
    -0.2578819162345264,
    -0.6547255623993651,
    -0.6775697092603155,
    121.0,
    -0.21384712749209922,
    -0.25788206731584856,
    -0.6547259306680197,
    -0.6775693330805178,
    122.0,
    -0.22099235093595546,
    -0.2517859466958231,
    -0.6734638211077406,
    -0.6589481766673678,
    123.0,
    -0.22918731376479395,
    -0.24435008255408777,
    -0.6948597887443525,
    -0.6363458857816575,
    124.0,
    -0.22031108574246275,
    -0.25238228670627466,
    -0.6716822227560801,
    -0.6607641019980888,
    125.0,
    -0.21294851028997158,
    -0.25862474391401813,
    -0.6523675548303229,
    -0.6798402365301687,
    126.0,
    -0.21294837012236054,
    -0.2586249232319705,
    -0.6523679935721208,
    -0.6798397912068496,
    127.0,
    -0.21294823518107717,
    -0.258625108897388,
    -0.6523684302894148,
    -0.6798393437738094,
    128.0,
    -0.21294809727010378,
    -0.2586252863568753,
    -0.6523688630978862,
    -0.6798389041429139,
    129.0,
    -0.2129479623285196,
    -0.25862547202215824,
    -0.6523692998145678,
    -0.679838456709311,
    130.0,
    -0.21294783344499507,
    -0.25862564204822525,
    -0.6523697088916142,
    -0.6798380398498575,
    131.0,
    -0.21291187817377316,
    -0.25865530669506087,
    -0.6522759063231625,
    -0.6799280156614356,
    132.0,
    -0.10347659752923721,
    -0.31863258303140846,
    -0.35817978150571955,
    -0.8714775469941953,
    133.0,
    0.048756397335950025,
    -0.3314471162021652,
    0.066001087084226,
    -0.9398986537833682,
    134.0,
    0.057512258247511286,
    -0.3300408705058749,
    0.09085592826701497,
    -0.9378222455485553,
    135.0,
    0.05711855832314926,
    -0.3301095927787473,
    0.08973741244872568,
    -0.9379298075322812,
    136.0,
    0.0571185623136496,
    -0.33010997593688407,
    0.08973757152494438,
    -0.9379296572147493,
    137.0,
    0.05711856490212913,
    -0.33011035099301167,
    0.08973773087954087,
    -0.9379295098073112,
    138.0,
    -0.05045904066988766,
    -0.3311940630800943,
    -0.2121772939421428,
    -0.9180115324605475,
    139.0,
    -0.11190870411156668,
    -0.3157725202080392,
    -0.381212155854062,
    -0.861650421954653,
    140.0,
    -0.1478424611823146,
    -0.3006303436196732,
    -0.47875160083859986,
    -0.811517657146874,
    141.0,
    -0.1601229792305387,
    -0.2942732846978587,
    -0.5118342251803512,
    -0.7910686388484245,
    142.0,
    -0.16012290149115893,
    -0.294273551656631,
    -0.5118346495905767,
    -0.7910682806761602,
    143.0,
    -0.16012282118349125,
    -0.29427382001273555,
    -0.5118350809039058,
    -0.7910679180370317,
    144.0,
    -0.16012274721775388,
    -0.29427407555710766,
    -0.5118354861916624,
    -0.7910675757186572,
    145.0,
    -0.16012267325177454,
    -0.29427433110147705,
    -0.5118358914791757,
    -0.7910672334000449,
    146.0,
    -0.16012259551135768,
    -0.29427459806023654,
    -0.5118363158883564,
    -0.791066875226758,
    147.0,
    -0.16012252154488343,
    -0.2942748536046004,
    -0.5118367211753718,
    -0.7910665329076588,
    148.0,
    -0.1601224515080537,
    -0.2942751163713577,
    -0.5118371248739674,
    -0.7910661881337272,
    149.0,
    -0.1601223749730542,
    -0.29427537331304926,
    -0.5118375370638456,
    -0.7910658413475269,
    150.0,
    -0.16012229466356775,
    -0.2942756416691284,
    -0.5118379683753395,
    -0.7910654787065996,
    151.0,
    -0.16012223699931744,
    -0.29427584153885455,
    -0.5118382849554346,
    -0.7910652111923597,
    152.0,
    -0.1601222232641476,
    -0.2942758958161516,
    -0.5118383667580163,
    -0.7910651408531629,
    153.0,
    -0.18459718948821732,
    -0.27957349647305546,
    -0.5773359910083155,
    -0.7446111006353101,
    154.0,
    -0.2035468209091094,
    -0.2660942887826572,
    -0.6275998983937757,
    -0.7027665961833769,
    155.0,
    -0.2611367523599415,
    -0.20986910762708091,
    -0.7770999468437211,
    -0.5328022399035136,
    156.0,
    -0.300600887502149,
    -0.14790690665153228,
    -0.8745454159114897,
    -0.35061798143548595,
    157.0,
    -0.3140423738023566,
    -0.11668148430951084,
    -0.905575842399488,
    -0.2601830362232866,
    158.0,
    -0.31479687709085097,
    -0.11462941880229564,
    -0.9072548372749435,
    -0.25426695176548497,
    159.0,
    -0.31479655593832107,
    -0.11462943564772365,
    -0.9072550340315836,
    -0.2542666397245341,
    160.0,
    -0.314796226059397,
    -0.11462945242667279,
    -0.9072552358220303,
    -0.25426632055511045,
    161.0,
    -0.314795878727684,
    -0.11462946907287537,
    -0.9072554476802663,
    -0.25426598712886384,
    162.0,
    -0.3147955411226977,
    -0.11462948303795062,
    -0.9072556522853968,
    -0.2542656687481011,
    163.0,
    -0.31479519379098664,
    -0.11462949968361538,
    -0.9072558641431878,
    -0.2542653353215429,
    164.0,
    -0.3147948474596078,
    -0.11462951358190324,
    -0.9072560737818713,
    -0.25426500981212896,
    165.0,
    -0.31479451658035645,
    -0.11462953310667345,
    -0.9072562777901368,
    -0.25426468272465946,
    166.0,
    -0.23397571268705078,
    -0.23977230175626046,
    -0.7073270648807011,
    -0.622457253528581,
    167.0,
    -0.165178397864194,
    -0.2914645550699978,
    -0.5254313543346122,
    -0.7821038306382098,
    168.0,
    -0.15664940224167578,
    -0.29613608607009373,
    -0.5025109632787428,
    -0.7970239112404857,
    169.0,
    -0.15664932779627302,
    -0.29613635799672405,
    -0.5025113833507502,
    -0.7970235599882397,
    170.0,
    -0.15664925725877413,
    -0.2961366185541594,
    -0.5025117841157087,
    -0.7970232243645288,
    171.0,
    -0.15664918804493083,
    -0.29613686910942283,
    -0.5025121725289885,
    -0.79702289998414,
    172.0,
    -0.15664912009123264,
    -0.2961371282998342,
    -0.5025125663381428,
    -0.7970225687452167,
    173.0,
    -0.15664905087692566,
    -0.29613737885509517,
    -0.5025129547509711,
    -0.7970222443643846,
    174.0,
    -0.15987986502110954,
    -0.2944058894952341,
    -0.5112040813824024,
    -0.7914758291756773,
    175.0,
    -0.16160701968402902,
    -0.2934615202285488,
    -0.5158463820138419,
    -0.7884579998308244,
    176.0,
    -0.1409436800085145,
    -0.3039268884735565,
    -0.46013434263188935,
    -0.822216341517948,
    177.0,
    -0.11198739203368442,
    -0.3157462364177962,
    -0.38145550245170157,
    -0.8615421277353831,
    178.0,
    -0.1577490913963464,
    -0.29555411467333653,
    -0.505475150803024,
    -0.7951464402133406,
    179.0,
    -0.15841702871445204,
    -0.29519685341006174,
    -0.507272530485518,
    -0.7940009084156656,
    180.0,
    -0.15822119303598475,
    -0.2953020979539453,
    -0.5067463952427248,
    -0.7943367144522354,
    181.0,
    -0.15822111999910327,
    -0.2953023516352283,
    -0.5067467957872318,
    -0.7943363791645872,
    182.0,
    -0.15822104826819364,
    -0.2953026139448437,
    -0.5067472016910057,
    -0.7943360369897563,
    183.0,
    -0.1582209765370335,
    -0.2953028762544582,
    -0.5067476075945334,
    -0.794335694814685,
    184.0,
    -0.15822090222861662,
    -0.29530313994480956,
    -0.5067480204296981,
    -0.7943353482171627,
    185.0,
    -0.15822082919076355,
    -0.29530339362608304,
    -0.506748420973243,
    -0.7943350129285693,
    186.0,
    -0.15822075361101748,
    -0.2953036673255056,
    -0.5067488460992706,
    -0.7943346550213749,
    187.0,
    -0.17594975192942927,
    -0.2850962351562008,
    -0.554287269915807,
    -0.7619235157842379,
    188.0,
    -0.18802293157348782,
    -0.2772826164129018,
    -0.5864762196556258,
    -0.7374329607606195,
    189.0,
    -0.1933024267974476,
    -0.2736284261134817,
    -0.6005018725248032,
    -0.7260572686166576,
    190.0,
    -0.19670903992133987,
    -0.2711899131922484,
    -0.6095349628355534,
    -0.7184905800893049,
    191.0,
    -0.19670892746117943,
    -0.2711901166574064,
    -0.6095353915803322,
    -0.7184901703540738,
    192.0,
    -0.18352516948516692,
    -0.2802803530762338,
    -0.5745061341941048,
    -0.7467959143020586,
    193.0,
    -0.19934095630420495,
    -0.2692615565949537,
    -0.6165055040067936,
    -0.7125183231392136,
    194.0,
    -0.1559692266439391,
    -0.2965000323304246,
    -0.5006956704412457,
    -0.7981636278167153,
    195.0,
    -0.15596918843356658,
    -0.296500173207685,
    -0.5006958870640879,
    -0.7981634470609974,
    196.0,
    -0.15596915157011076,
    -0.2965003040858251,
    -0.5006960913099039,
    -0.7981632775206444,
    197.0,
    -0.1552458167153327,
    -0.29687979819764787,
    -0.498749006380571,
    -0.7993813548294122,
    198.0,
    -0.15624867988711705,
    -0.29635334543303155,
    -0.5014491708819512,
    -0.7976902742957238,
    199.0,
    -0.15611468024564,
    -0.29642407720807573,
    -0.5010888246573513,
    -0.7979166390461203,
    200.0,
    -0.1573301399937566,
    -0.29578086499662326,
    -0.5043601868110208,
    -0.7958528186237369,
    201.0,
    -0.1585294331869483,
    -0.29513992948056983,
    -0.5075867508884141,
    -0.7937987976572983,
    202.0,
    -0.1563931525946786,
    -0.2962775845278384,
    -0.5018392911538221,
    -0.7974447319921778,
    203.0,
    -0.15641376342771668,
    -0.29626681554694956,
    -0.501895068644209,
    -0.7974095865279479,
    204.0,
    -0.178127112568608,
    -0.2837429889079549,
    -0.5601109329908927,
    -0.7576518928621654,
    205.0,
    -0.322460829651603,
    -0.09087491200097401,
    -0.9236742949073292,
    -0.1859746236362999,
    206.0,
    -0.32246064047440026,
    -0.09087491639995303,
    -0.9236743887971557,
    -0.18597448318073623,
    207.0,
    -0.3224604600042979,
    -0.09087492021519206,
    -0.9236744781979024,
    -0.18597435020865577,
    208.0,
    -0.32188157301662185,
    -0.09290391082801848,
    -0.9224850222916317,
    -0.19178764285743877,
    209.0,
    -0.32155185448865503,
    -0.0940381751394322,
    -0.9218032033399493,
    -0.19503866489381141,
    210.0,
    -0.3214966435337196,
    -0.09422608445217746,
    -0.9216891606589535,
    -0.19557720810247115,
    211.0,
    -0.3214669838030864,
    -0.09432658116636411,
    -0.9216280775491861,
    -0.19586516046250513,
    212.0,
    -0.3214667858767113,
    -0.09432658402696531,
    -0.9216281775079966,
    -0.19586501358637048,
    213.0,
    -0.32160009472073925,
    -0.09387045465148011,
    -0.9219051972037953,
    -0.19455725169668492,
    214.0,
    -0.32157652491594174,
    -0.09395063936210114,
    -0.9218567418672019,
    -0.19478696943180285,
    215.0,
    -0.32163166910647806,
    -0.09376109670590677,
    -0.9219714730657567,
    -0.19424347871999587,
    216.0,
    -0.32167088229206425,
    -0.09362583035028625,
    -0.9220531715171613,
    -0.19385560675876418,
    217.0,
    -0.321670717585392,
    -0.09362583721907455,
    -0.9220532563277902,
    -0.19385547335178466,
    218.0,
    -0.32169245869285285,
    -0.09355046105043847,
    -0.9220987484326717,
    -0.19363928164579042,
    219.0,
    -0.3217022250721873,
    -0.09351622277440584,
    -0.9221194523779921,
    -0.1935409775931785,
    220.0,
    -0.32170203586521856,
    -0.09351622562104031,
    -0.9221195474157122,
    -0.19354083791182194,
    221.0,
    -0.32170183794664486,
    -0.09351622897982356,
    -0.9221196470035828,
    -0.19354069078395741,
    222.0,
    -0.3216120468540026,
    -0.09382397749904749,
    -0.9219341434929623,
    -0.19442270347501883,
    223.0,
    -0.32185212997684404,
    -0.09299647132706554,
    -0.9224312454009357,
    -0.19205067106928264,
    224.0,
    -0.3218519669069932,
    -0.09299647290024975,
    -0.9224313265981986,
    -0.1920505535959225,
    225.0,
    -0.3218517689940874,
    -0.09299647657847604,
    -0.9224314259480669,
    -0.19205040630725445,
    226.0,
    -0.320433848285645,
    -0.09776988318214885,
    -0.9194751805475306,
    -0.20573913378958103,
    227.0,
    -0.320433683504011,
    -0.09776988792392687,
    -0.9194752670725206,
    -0.20573900148807744,
    228.0,
    -0.31569503827688206,
    -0.11213043583262072,
    -0.9092543257724784,
    -0.2470222241649123,
    229.0,
    -0.30371017290609376,
    -0.14140939866253055,
    -0.8818990921893299,
    -0.3316888663173484,
    230.0,
    -0.22596136365141797,
    -0.2473417104882538,
    -0.6864930482209413,
    -0.6453610114764117,
    231.0,
    -0.16373622815842154,
    -0.29227893066385124,
    -0.5215926860358719,
    -0.784668429435219,
    232.0,
    -0.16373848227384408,
    -0.2922777621318375,
    -0.5215990380312155,
    -0.7846641719301155,
    233.0,
    -0.16349006793348392,
    -0.2924169020634076,
    -0.5209324332053846,
    -0.7851068418434919,
    234.0,
    -0.16349002530961582,
    -0.2924170295167343,
    -0.5209326483708954,
    -0.7851066604826096,
    235.0,
    -0.16319686992702462,
    -0.2925808431443168,
    -0.5201458071484723,
    -0.7856281379742243,
    236.0,
    -0.16336900033512622,
    -0.29248486877173896,
    -0.5206082941014429,
    -0.7853217018406315,
    237.0,
    -0.1633689602107798,
    -0.29248499478175827,
    -0.520608502488528,
    -0.7853215251117315,
    238.0,
    -0.16221031464599064,
    -0.2931292705727003,
    -0.5174972198181714,
    -0.7873751787022679,
    239.0,
    -0.029224096941846543,
    -0.33374091936639694,
    -0.15323864536303067,
    -0.9296670739924638,
    240.0,
    0.23763970053841152,
    -0.23614495200494262,
    0.615973470356002,
    -0.7129793953461636,
    241.0,
    0.29118094364957553,
    -0.16568241633555164,
    0.7811700642847428,
    -0.5268171652840544,
    242.0,
    0.2923804642507184,
    -0.16355614956124973,
    0.7849885145882947,
    -0.5211104317030082,
    243.0,
    0.2923803310391386,
    -0.16355618559080695,
    0.7849886938861168,
    -0.521110225045909,
    244.0,
    0.2923802035761591,
    -0.16355622818596394,
    0.7849888752956845,
    -0.5211100099214764,
    245.0,
    0.29291790504281273,
    -0.16259109300661012,
    0.7867034138340219,
    -0.518518057585405,
    246.0,
    0.29352669130834125,
    -0.16148925041061912,
    0.7886465414765454,
    -0.515557888222533,
    247.0,
    0.29326034071323276,
    -0.16197224599138385,
    0.7877969810014264,
    -0.5168551836039796,
    248.0,
    0.2932602263339437,
    -0.16197228301379538,
    0.7877971407582283,
    -0.5168549933966231,
    249.0,
    0.24691929238066063,
    -0.22642309139766723,
    0.6440778855448932,
    -0.6876969711174952,
    250.0,
    0.09091913447408827,
    -0.3224443827217055,
    0.18609748442981033,
    -0.923650939114229,
    251.0,
    0.0909191334985702,
    -0.322444562398991,
    0.18609760932993727,
    -0.9236508513203864,
    252.0,
    0.09091912689527536,
    -0.32244474366311077,
    0.1860977503507829,
    -0.9236507602784774,
    253.0,
    -0.09537213785727305,
    -0.32115597510863414,
    -0.33604385593340225,
    -0.8802485568644611,
    254.0,
    0.08917460553300369,
    -0.32293186342176783,
    0.18110128663199782,
    -0.9246432962473761,
    255.0,
    0.09495611661000151,
    -0.3212795259120231,
    0.1976674513402724,
    -0.9212439312303419,
    256.0,
    0.09495611275364094,
    -0.3212796985308848,
    0.19766758378208288,
    -0.9212438430102938,
    257.0,
    0.09495611217411291,
    -0.3212798616072874,
    0.1976677007584709,
    -0.9212437610986786,
    258.0,
    0.09421646549314484,
    -0.32149773179250035,
    0.19554718444370037,
    -0.921696134709481,
    259.0,
    0.09400247092151369,
    -0.32156054651230376,
    0.19493385781917466,
    -0.9218259822022224,
    260.0,
    0.09407698025823169,
    -0.32153894414575757,
    0.1951476204927834,
    -0.921780687256534,
    261.0,
    0.09407697823837856,
    -0.3215391246449127,
    0.19514775256972272,
    -0.921780596538626,
    262.0,
    0.09407697390954706,
    -0.32153929725256075,
    0.19514788525215795,
    -0.9217805086808694,
    263.0,
    0.09407697007770256,
    -0.3215394611477259,
    0.1951480104960396,
    -0.9217804253862557,
    264.0,
    0.09329820856405392,
    -0.32176648732683677,
    0.19291585425409072,
    -0.9222500989913209,
    265.0,
    0.09371295263928864,
    -0.3216461025290939,
    0.19410479634244227,
    -0.9220005397353783,
    266.0,
    0.09371294990793456,
    -0.32164629173774084,
    0.19410493596551218,
    -0.9220004446120065,
    267.0,
    0.09371294819034703,
    -0.3216464635225621,
    0.19410506070119107,
    -0.922000358598135,
    268.0,
    0.0937129431588934,
    -0.3216466448370905,
    0.19410520092649042,
    -0.9220002663355513,
    269.0,
    0.09323198054962728,
    -0.32178657345820705,
    0.1927267530532553,
    -0.9222893242374484,
    270.0,
    0.09323197628689014,
    -0.32178673734271773,
    0.192726878515314,
    -0.9222892412718002,
    271.0,
    0.09323197379232395,
    -0.3217869178359082,
    0.1927270108298033,
    -0.9222891509006613,
    272.0,
    0.09323307821721075,
    -0.3217867690566898,
    0.1927303228948465,
    -0.9222883990504533,
    273.0,
    0.09331911602096471,
    -0.32176200815895445,
    0.19297706190871297,
    -0.9222367409009812,
    274.0,
    0.09331911024960747,
    -0.32176219817844876,
    0.19297720969590287,
    -0.9222366442641378,
    275.0,
    0.024226357731118003,
    -0.334144514817423,
    -0.0034216359130024854,
    -0.9422042343442273,
    276.0,
    -0.15558510410677015,
    -0.2967032341820915,
    -0.4996654501103594,
    -0.7988084277046559,
    277.0,
    -0.15559775795387334,
    -0.29669671911727935,
    -0.49969981006101954,
    -0.7987868892325104,
    278.0,
    -0.15559771697722125,
    -0.2966968613044782,
    -0.4997000338795922,
    -0.7987867043862722,
    279.0,
    -0.15559768389794665,
    -0.29669698078112516,
    -0.49970021897480305,
    -0.7987865506613724,
    280.0,
    -0.15559764809949977,
    -0.29669712025263095,
    -0.4997004288517902,
    -0.7987863745364194,
    281.0,
    -0.15559761243094133,
    -0.2966972410871226,
    -0.4997006209176174,
    -0.7987862164507022,
    282.0,
    -0.15559757786196746,
    -0.29669738919821304,
    -0.4997008362146606,
    -0.7987860334863286,
    283.0,
    -0.15559754342289103,
    -0.29669751867228894,
    -0.499701033700552,
    -0.7987858685611984
   ]
  }
 },
 {
  "id": "bus0",
  "name": "bus0",
  "description": "1",
  "model": {
   "gltf": "./3Dmodels/bus/bus1.glb"
  },
  "position": {
   "epoch": "2023-09-06T15:48:01Z",
   "cartographicDegrees": [
    0.0,
    4.354005,
    50.853738,
    0,
    1.0,
    4.354001,
    50.853731,
    0,
    2.0,
    4.353992,
    50.853716,
    0,
    3.0,
    4.35398,
    50.853695,
    0,
    4.0,
    4.353963,
    50.853666,
    0,
    5.0,
    4.353941,
    50.853629,
    0,
    6.0,
    4.353913,
    50.853582,
    0,
    7.0,
    4.353882,
    50.853529,
    0,
    8.0,
    4.353845,
    50.853466,
    0,
    9.0,
    4.353805,
    50.853398,
    0,
    10.0,
    4.353766,
    50.853332,
    0,
    11.0,
    4.353726,
    50.853265,
    0,
    12.0,
    4.353686,
    50.853196,
    0,
    13.0,
    4.353645,
    50.853126,
    0,
    14.0,
    4.353604,
    50.853058,
    0,
    15.0,
    4.353564,
    50.852989,
    0,
    16.0,
    4.353524,
    50.852921,
    0,
    17.0,
    4.353494,
    50.852865,
    0,
    18.0,
    4.35347,
    50.852805,
    0,
    19.0,
    4.353447,
    50.852749,
    0,
    20.0,
    4.353422,
    50.852704,
    0,
    21.0,
    4.353396,
    50.852659,
    0,
    22.0,
    4.353369,
    50.852613,
    0,
    23.0,
    4.353344,
    50.85257,
    0,
    24.0,
    4.353318,
    50.852524,
    0,
    25.0,
    4.353292,
    50.852477,
    0,
    26.0,
    4.353266,
    50.852432,
    0,
    27.0,
    4.35324,
    50.852388,
    0,
    28.0,
    4.353203,
    50.852348,
    0,
    29.0,
    4.353129,
    50.852342,
    0,
    30.0,
    4.353062,
    50.852358,
    0,
    31.0,
    4.352996,
    50.852383,
    0,
    32.0,
    4.352931,
    50.852408,
    0,
    33.0,
    4.352865,
    50.852435,
    0,
    34.0,
    4.352799,
    50.85246,
    0,
    35.0,
    4.352733,
    50.852486,
    0,
    36.0,
    4.352668,
    50.852512,
    0,
    37.0,
    4.352605,
    50.852537,
    0,
    38.0,
    4.352546,
    50.852561,
    0,
    39.0,
    4.352484,
    50.852586,
    0,
    40.0,
    4.352424,
    50.85261,
    0,
    41.0,
    4.352361,
    50.852637,
    0,
    42.0,
    4.352309,
    50.852667,
    0,
    43.0,
    4.352251,
    50.852693,
    0,
    44.0,
    4.352189,
    50.852716,
    0,
    45.0,
    4.352127,
    50.852738,
    0,
    46.0,
    4.352059,
    50.852762,
    0,
    47.0,
    4.351997,
    50.852785,
    0,
    48.0,
    4.35193,
    50.852809,
    0,
    49.0,
    4.351866,
    50.852831,
    0,
    50.0,
    4.351804,
    50.852854,
    0,
    51.0,
    4.351737,
    50.852878,
    0,
    52.0,
    4.351669,
    50.852902,
    0,
    53.0,
    4.351602,
    50.852927,
    0,
    54.0,
    4.351547,
    50.852946,
    0,
    55.0,
    4.351476,
    50.852966,
    0,
    56.0,
    4.351394,
    50.85296,
    0,
    57.0,
    4.351341,
    50.852912,
    0,
    58.0,
    4.351316,
    50.852856,
    0,
    59.0,
    4.351299,
    50.852818,
    0,
    60.0,
    4.351278,
    50.852773,
    0,
    61.0,
    4.351252,
    50.852718,
    0,
    62.0,
    4.351221,
    50.852652,
    0,
    63.0,
    4.351188,
    50.852585,
    0,
    64.0,
    4.351155,
    50.852513,
    0,
    65.0,
    4.351123,
    50.852445,
    0,
    66.0,
    4.351092,
    50.852376,
    0,
    67.0,
    4.351061,
    50.852306,
    0,
    68.0,
    4.351031,
    50.852237,
    0,
    69.0,
    4.350999,
    50.852165,
    0,
    70.0,
    4.350972,
    50.852114,
    0,
    71.0,
    4.350898,
    50.852103,
    0,
    72.0,
    4.35084,
    50.85213,
    0,
    73.0,
    4.350783,
    50.852162,
    0,
    74.0,
    4.350727,
    50.852193,
    0,
    75.0,
    4.35067,
    50.852224,
    0,
    76.0,
    4.350615,
    50.852256,
    0,
    77.0,
    4.350563,
    50.852294,
    0,
    78.0,
    4.350511,
    50.852329,
    0,
    79.0,
    4.350452,
    50.852358,
    0,
    80.0,
    4.350379,
    50.852367,
    0,
    81.0,
    4.350302,
    50.852359,
    0,
    82.0,
    4.350231,
    50.85235,
    0,
    83.0,
    4.350159,
    50.852342,
    0,
    84.0,
    4.350086,
    50.852336,
    0,
    85.0,
    4.350016,
    50.852334,
    0,
    86.0,
    4.349949,
    50.852352,
    0,
    87.0,
    4.349888,
    50.852382,
    0,
    88.0,
    4.349832,
    50.85241,
    0,
    89.0,
    4.349792,
    50.852448,
    0,
    90.0,
    4.34977,
    50.852494,
    0,
    91.0,
    4.349759,
    50.852542,
    0,
    92.0,
    4.349758,
    50.852587,
    0,
    93.0,
    4.349707,
    50.85261,
    0,
    94.0,
    4.349636,
    50.85262,
    0,
    95.0,
    4.349562,
    50.852629,
    0,
    96.0,
    4.349489,
    50.852639,
    0,
    97.0,
    4.349414,
    50.852649,
    0,
    98.0,
    4.349341,
    50.852658,
    0,
    99.0,
    4.349264,
    50.852668,
    0,
    100.0,
    4.349193,
    50.852677,
    0,
    101.0,
    4.349121,
    50.852687,
    0,
    102.0,
    4.349047,
    50.852696,
    0,
    103.0,
    4.348975,
    50.852706,
    0,
    104.0,
    4.348903,
    50.852715,
    0,
    105.0,
    4.348829,
    50.852724,
    0,
    106.0,
    4.348759,
    50.852734,
    0,
    107.0,
    4.34869,
    50.852743,
    0,
    108.0,
    4.348621,
    50.852752,
    0,
    109.0,
    4.348551,
    50.852761,
    0,
    110.0,
    4.34848,
    50.85277,
    0,
    111.0,
    4.34841,
    50.852779,
    0,
    112.0,
    4.348334,
    50.852789,
    0,
    113.0,
    4.348264,
    50.852798,
    0,
    114.0,
    4.34819,
    50.852807,
    0,
    115.0,
    4.348119,
    50.852817,
    0,
    116.0,
    4.348047,
    50.852826,
    0,
    117.0,
    4.34797,
    50.852836,
    0,
    118.0,
    4.347893,
    50.852846,
    0,
    119.0,
    4.347817,
    50.852856,
    0,
    120.0,
    4.347742,
    50.852866,
    0,
    121.0,
    4.347669,
    50.852882,
    0,
    122.0,
    4.347625,
    50.852919,
    0,
    123.0,
    4.347595,
    50.852963,
    0,
    124.0,
    4.347567,
    50.853006,
    0,
    125.0,
    4.347538,
    50.853051,
    0,
    126.0,
    4.34751,
    50.853093,
    0,
    127.0,
    4.347482,
    50.853135,
    0,
    128.0,
    4.347452,
    50.853178,
    0,
    129.0,
    4.347421,
    50.853223,
    0,
    130.0,
    4.34739,
    50.853267,
    0,
    131.0,
    4.347358,
    50.853311,
    0,
    132.0,
    4.347325,
    50.853356,
    0,
    133.0,
    4.347296,
    50.853396,
    0,
    134.0,
    4.347264,
    50.853441,
    0,
    135.0,
    4.347232,
    50.853484,
    0,
    136.0,
    4.347202,
    50.853527,
    0,
